dataID	beetles	precipitation	altitude	temperature	minTemp	region	plot	year	technician	spatialCoordinate
1	0	0.18488226	0	11.42928621	-7.172112497	1	1	1	1	0
2	0	0.702374036	0	9.521042205	-7.614958576	1	1	2	3	0
3	0	0.573326335	0	13.08511354	-9.756505511	1	1	3	5	0
4	0	0.16805192	0	12.29406373	-7.590246999	1	1	4	2	0
5	0	0.943839339	0	10.23432313	-12.25832379	1	1	5	2	0
6	0	0.943474959	0	9.686697574	-8.641787162	1	1	6	3	0
7	0	0.129158977	0	11.26971281	-9.066595318	1	1	7	5	0
8	0	0.833448816	0	13.77559099	-9.097322076	1	1	8	1	0
9	0	0.468018516	0	12.46014447	-8.944075317	1	1	9	5	0
10	0	0.549983742	0	11.20413407	-5.661595775	1	1	10	1	0
11	0	0.552674067	0	13.91448851	-6.075593803	1	1	11	1	0
12	0	0.238894759	0	11.13632888	-5.633735049	1	1	12	4	0
13	0	0.760513313	0	10.34585026	-7.979719248	1	1	13	1	0
14	2	0.180820101	0	11.32540927	-6.598687982	1	1	14	4	0
15	3	0.405282181	0	14.03195361	-3.994724197	1	1	15	5	0
16	0	0.853548453	0	10.00079144	-10.9803211	1	1	16	2	0
17	0	0.976398489	0	9.654815149	-11.25879733	1	1	17	5	0
18	0	0.225825461	0	10.50060696	-14.16411977	1	1	18	4	0
19	0	0.444809229	0	14.20140626	-1.387710438	1	1	19	4	0
20	0	0.074979425	0	10.18858259	-9.32441406	1	1	20	1	0
21	0	0.661898758	0.020408163	9.548121023	-11.33432177	1	2	1	4	0.612244898
22	2	0.387549543	0.020408163	13.44088601	-3.99078042	1	2	2	4	0.612244898
23	0	0.836889177	0.020408163	11.82252648	-9.895622141	1	2	3	2	0.612244898
24	0	0.150501441	0.020408163	11.01427618	-9.498160219	1	2	4	4	0.612244898
25	0	0.347272249	0.020408163	9.829312376	-11.38890414	1	2	5	1	0.612244898
26	1	0.488773231	0.020408163	13.19858595	-2.809583765	1	2	6	1	0.612244898
27	0	0.149246863	0.020408163	14.6544944	-9.43918172	1	2	7	1	0.612244898
28	0	0.35706259	0.020408163	10.68288762	-5.023899796	1	2	8	2	0.612244898
29	0	0.962644048	0.020408163	11.99527518	-4.684944991	1	2	9	1	0.612244898
30	3	0.132372003	0.020408163	13.88388559	-2.272705396	1	2	10	5	0.612244898
31	5	0.010414525	0.020408163	13.22548342	-6.719350259	1	2	11	4	0.612244898
32	1	0.164642242	0.020408163	11.52421942	-6.514432848	1	2	12	2	0.612244898
33	0	0.810192144	0.020408163	13.89477456	-1.920347007	1	2	13	3	0.612244898
34	0	0.868861037	0.020408163	13.298024	-5.836332977	1	2	14	3	0.612244898
35	0	0.514281763	0.020408163	13.05085786	-3.883184217	1	2	15	5	0.612244898
36	3	0.627196287	0.020408163	12.86826718	-8.120005704	1	2	16	1	0.612244898
37	0	0.844429003	0.020408163	11.5086687	-14.66542192	1	2	17	3	0.612244898
38	0	0.284870574	0.020408163	9.638107161	-6.823683701	1	2	18	3	0.612244898
39	1	0.667225648	0.020408163	13.16687093	-3.592311954	1	2	19	4	0.612244898
40	0	0.150469752	0.020408163	10.11426974	-4.751867887	1	2	20	3	0.612244898
41	0	0.981727862	0.040816327	11.5715992	-10.18646798	1	3	1	1	1.224489796
42	0	0.297010735	0.040816327	12.94362531	-11.39429634	1	3	2	4	1.224489796
43	7	0.115084075	0.040816327	13.60538298	-8.840581036	1	3	3	5	1.224489796
44	1	0.163200872	0.040816327	13.37276242	-6.253952052	1	3	4	4	1.224489796
45	0	0.944041808	0.040816327	12.10352557	-10.58445274	1	3	5	3	1.224489796
46	0	0.794863824	0.040816327	11.5294092	-10.02817008	1	3	6	1	1.224489796
47	0	0.974687898	0.040816327	11.56392161	-10.12135765	1	3	7	4	1.224489796
48	1	0.349088411	0.040816327	13.90695696	-7.322251692	1	3	8	5	1.224489796
49	2	0.501969881	0.040816327	11.54677169	-4.643153855	1	3	9	4	1.224489796
50	0	0.810397263	0.040816327	13.93587336	-4.54123766	1	3	10	3	1.224489796
51	10	0.007109038	0.040816327	13.54119008	-8.102996956	1	3	11	5	1.224489796
52	5	0.014693911	0.040816327	11.57045629	-8.59278826	1	3	12	5	1.224489796
53	0	0.683403423	0.040816327	13.32670123	-9.597778921	1	3	13	1	1.224489796
54	0	0.929720222	0.040816327	12.38961507	-12.14724214	1	3	14	4	1.224489796
55	0	0.275401199	0.040816327	12.07766126	-12.1098032	1	3	15	1	1.224489796
56	0	0.811859695	0.040816327	9.155051539	-13.12450316	1	3	16	3	1.224489796
57	0	0.785878913	0.040816327	13.7707765	-7.023373973	1	3	17	2	1.224489796
58	0	0.988902156	0.040816327	11.02884416	-11.5233713	1	3	18	1	1.224489796
59	2	0.61395291	0.040816327	11.74525134	-7.597318489	1	3	19	5	1.224489796
60	1	0.71018573	0.040816327	9.979693345	-12.71575141	1	3	20	1	1.224489796
61	0	0.770027857	0.06122449	8.95962383	-16.01516855	1	4	1	5	1.836734694
62	0	0.886984157	0.06122449	9.707520662	-10.70772078	1	4	2	3	1.836734694
63	0	0.62512173	0.06122449	10.78483009	-5.44505942	1	4	3	3	1.836734694
64	0	0.260300035	0.06122449	10.81372889	-10.80614028	1	4	4	1	1.836734694
65	0	0.859073118	0.06122449	13.54748063	-7.930855963	1	4	5	5	1.836734694
66	6	0.437488002	0.06122449	12.16804619	-4.681978866	1	4	6	5	1.836734694
67	6	0.388144758	0.06122449	13.61946737	-3.69718055	1	4	7	5	1.836734694
68	0	0.461501105	0.06122449	12.79000023	-5.910747734	1	4	8	1	1.836734694
69	5	0.218675193	0.06122449	11.70568348	-8.062748103	1	4	9	5	1.836734694
70	7	0.06593551	0.06122449	12.74911602	-4.785640562	1	4	10	5	1.836734694
71	0	0.275701027	0.06122449	10.87213201	-6.22802458	1	4	11	3	1.836734694
72	0	0.310381097	0.06122449	14.11191343	-5.218674631	1	4	12	4	1.836734694
73	0	0.042175526	0.06122449	14.27150301	-2.40704377	1	4	13	3	1.836734694
74	5	0.184673463	0.06122449	10.22863895	-7.427574673	1	4	14	4	1.836734694
75	0	0.183373228	0.06122449	11.31057244	-11.19875222	1	4	15	3	1.836734694
76	0	0.755462416	0.06122449	13.00268434	-6.120891319	1	4	16	3	1.836734694
77	5	0.288059732	0.06122449	13.81710897	-2.245959724	1	4	17	5	1.836734694
78	0	0.867844662	0.06122449	8.839404825	-10.92444208	1	4	18	2	1.836734694
79	0	0.402642736	0.06122449	12.94291645	-2.27796089	1	4	19	2	1.836734694
80	1	0.572685004	0.06122449	9.383524896	-12.7665197	1	4	20	4	1.836734694
81	0	0.350642575	0.081632653	11.84302313	-4.191701599	1	5	1	2	2.448979592
82	0	0.671998928	0.081632653	11.33179661	-0.972341354	1	5	2	1	2.448979592
83	0	0.025050357	0.081632653	11.85791348	-4.032920717	1	5	3	1	2.448979592
84	1	0.401101038	0.081632653	10.4498246	-6.085061587	1	5	4	4	2.448979592
85	0	0.19997653	0.081632653	10.31805161	-9.292108582	1	5	5	2	2.448979592
86	0	0.856525001	0.081632653	12.52094565	-11.93325399	1	5	6	1	2.448979592
87	0	0.971515429	0.081632653	13.32905156	-8.958974041	1	5	7	4	2.448979592
88	0	0.323722437	0.081632653	12.07265218	-11.79174888	1	5	8	5	2.448979592
89	0	0.733191433	0.081632653	9.610768993	-13.18394113	1	5	9	2	2.448979592
90	2	0.34006824	0.081632653	9.578971023	-9.592375888	1	5	10	4	2.448979592
91	0	0.976755185	0.081632653	12.10557435	-8.10141021	1	5	11	1	2.448979592
92	0	0.397016412	0.081632653	9.841055737	-11.62358968	1	5	12	3	2.448979592
93	0	0.379998879	0.081632653	10.76086184	-12.25691164	1	5	13	4	2.448979592
94	1	0.56038763	0.081632653	13.81529126	-7.695747124	1	5	14	5	2.448979592
95	0	0.463808179	0.081632653	9.727036881	-6.373839546	1	5	15	4	2.448979592
96	0	0.196776827	0.081632653	10.88110008	-12.39992736	1	5	16	3	2.448979592
97	0	0.426943403	0.081632653	9.607313251	-14.12052806	1	5	17	1	2.448979592
98	0	0.093025187	0.081632653	9.993624516	-12.88719842	1	5	18	1	2.448979592
99	0	0.115309127	0.081632653	14.31731821	-6.571364852	1	5	19	1	2.448979592
100	0	0.440031654	0.081632653	12.15452789	-5.734005459	1	5	20	2	2.448979592
101	29	0.20093473	0.102040816	12.35255766	-6.360555246	2	6	1	5	3.06122449
102	0	0.427639073	0.102040816	10.25200242	-13.15386907	2	6	2	5	3.06122449
103	2	0.980599982	0.102040816	11.92902533	-11.90924267	2	6	3	5	3.06122449
104	0	0.828922126	0.102040816	9.559687737	-10.14829067	2	6	4	2	3.06122449
105	0	0.286973855	0.102040816	13.25613258	-8.632040699	2	6	5	3	3.06122449
106	0	0.595916897	0.102040816	9.989584093	-5.646229181	2	6	6	3	3.06122449
107	9	0.898971946	0.102040816	13.10105769	-4.182173574	2	6	7	5	3.06122449
108	3	0.453377	0.102040816	13.90797549	-7.964611161	2	6	8	4	3.06122449
109	7	0.147417779	0.102040816	11.41021612	-7.720489884	2	6	9	1	3.06122449
110	20	0.128676983	0.102040816	11.56939647	-4.463979409	2	6	10	4	3.06122449
111	4	0.024656338	0.102040816	13.28671231	-9.703216559	2	6	11	1	3.06122449
112	2	0.736311375	0.102040816	12.89886938	-9.44210738	2	6	12	4	3.06122449
113	3	0.373358564	0.102040816	10.34226307	-10.03045562	2	6	13	5	3.06122449
114	0	0.57437694	0.102040816	9.736510326	-12.63084014	2	6	14	4	3.06122449
115	0	0.825328013	0.102040816	13.45120449	-10.78070113	2	6	15	4	3.06122449
116	0	0.813695674	0.102040816	10.15207899	-10.15942692	2	6	16	2	3.06122449
117	0	0.87269634	0.102040816	13.16871119	-3.271415688	2	6	17	2	3.06122449
118	14	0.1105549	0.102040816	11.57871489	-8.339376081	2	6	18	4	3.06122449
119	1	0.952700237	0.102040816	11.26220074	-9.260971591	2	6	19	1	3.06122449
120	25	0.569002081	0.102040816	12.59778569	-8.037387474	2	6	20	5	3.06122449
121	4	0.036868471	0.12244898	13.08375455	-8.900705367	2	7	1	4	3.673469388
122	3	0.245290916	0.12244898	10.95389826	-4.334748299	2	7	2	5	3.673469388
123	0	0.978884799	0.12244898	9.397892308	-4.857374901	2	7	3	3	3.673469388
124	0	0.885737232	0.12244898	8.8675459	-12.1495099	2	7	4	5	3.673469388
125	0	0.240982898	0.12244898	13.66459411	-8.549483037	2	7	5	2	3.673469388
126	0	0.75721157	0.12244898	10.19316341	-11.64935075	2	7	6	1	3.673469388
127	0	0.562836519	0.12244898	9.141733704	-9.699709492	2	7	7	2	3.673469388
128	0	0.305103095	0.12244898	9.527336371	-14.53142644	2	7	8	4	3.673469388
129	1	0.693654087	0.12244898	9.129849285	-7.921428176	2	7	9	4	3.673469388
130	0	0.335945604	0.12244898	10.13160008	-3.698773071	2	7	10	2	3.673469388
131	3	0.206109444	0.12244898	13.68347981	-2.839587246	2	7	11	5	3.673469388
132	0	0.919276256	0.12244898	12.61747476	-8.564918828	2	7	12	1	3.673469388
133	0	0.02281245	0.12244898	14.2245773	-5.659835409	2	7	13	2	3.673469388
134	0	0.963759745	0.12244898	11.16789458	-9.287344474	2	7	14	3	3.673469388
135	4	0.315865244	0.12244898	13.53820009	-4.59048695	2	7	15	5	3.673469388
136	0	0.665608417	0.12244898	13.45860034	-8.758450958	2	7	16	3	3.673469388
137	0	0.533543303	0.12244898	13.05552624	-7.649214876	2	7	17	3	3.673469388
138	0	0.817796719	0.12244898	10.31606371	-10.12159812	2	7	18	2	3.673469388
139	2	0.18526351	0.12244898	11.04466425	-8.894803664	2	7	19	4	3.673469388
140	1	0.399517552	0.12244898	10.37884	-8.700380722	2	7	20	1	3.673469388
141	0	0.17845326	0.142857143	13.34134517	-9.178584787	2	8	1	2	4.285714286
142	0	0.285434211	0.142857143	13.45646703	-4.957380235	2	8	2	3	4.285714286
143	1	0.629469827	0.142857143	12.33509011	-5.203745667	2	8	3	4	4.285714286
144	5	0.300100282	0.142857143	13.61420247	-5.679783805	2	8	4	5	4.285714286
145	1	0.443673962	0.142857143	11.32785664	-4.737525115	2	8	5	4	4.285714286
146	0	0.73020094	0.142857143	12.47457851	-19.75109724	2	8	6	5	4.285714286
147	1	0.668163537	0.142857143	10.83575665	-6.636716576	2	8	7	1	4.285714286
148	2	0.311657001	0.142857143	13.38067526	-3.780118764	2	8	8	5	4.285714286
149	1	0.478578083	0.142857143	13.08386379	-3.321946313	2	8	9	2	4.285714286
150	0	0.291410151	0.142857143	12.7786048	-8.921494783	2	8	10	2	4.285714286
151	0	0.182174213	0.142857143	9.602049698	-15.327881	2	8	11	2	4.285714286
152	0	0.360762583	0.142857143	10.23074008	-10.85562846	2	8	12	2	4.285714286
153	0	0.903800031	0.142857143	12.52168815	-4.990574483	2	8	13	4	4.285714286
154	0	0.394047617	0.142857143	10.42925621	-11.18711537	2	8	14	3	4.285714286
155	0	0.779880527	0.142857143	10.9649437	-10.46792893	2	8	15	5	4.285714286
156	0	0.284158946	0.142857143	9.765171001	-12.31581027	2	8	16	3	4.285714286
157	0	0.853720767	0.142857143	12.24111116	-2.648068971	2	8	17	5	4.285714286
158	0	0.172242468	0.142857143	11.79014978	-9.401447481	2	8	18	3	4.285714286
159	6	0.079264182	0.142857143	13.61451007	-9.70223957	2	8	19	5	4.285714286
160	0	0.292064977	0.142857143	13.46807027	-4.714059977	2	8	20	5	4.285714286
161	0	0.840371178	0.163265306	9.634689032	-5.854130773	2	9	1	3	4.897959184
162	0	0.945268081	0.163265306	10.26471207	-6.688607113	2	9	2	2	4.897959184
163	0	0.0449652	0.163265306	12.65979249	-3.521664865	2	9	3	3	4.897959184
164	0	0.758382908	0.163265306	12.9779373	-10.38835249	2	9	4	3	4.897959184
165	0	0.296887998	0.163265306	10.58679911	-10.78113716	2	9	5	5	4.897959184
166	2	0.651054439	0.163265306	8.467455055	-8.199530527	2	9	6	4	4.897959184
167	45	0.084989784	0.163265306	12.941739	-7.143317879	2	9	7	5	4.897959184
168	0	0.975481075	0.163265306	8.085210516	-10.69629607	2	9	8	3	4.897959184
169	0	0.013624931	0.163265306	11.54077423	-10.57359286	2	9	9	3	4.897959184
170	0	0.538869452	0.163265306	9.000536647	-12.08043371	2	9	10	3	4.897959184
171	5	0.965781802	0.163265306	9.916590262	-9.356107693	2	9	11	5	4.897959184
172	0	0.101073444	0.163265306	12.90883487	-2.240927265	2	9	12	3	4.897959184
173	0	0.256751343	0.163265306	9.702977971	-10.62263351	2	9	13	2	4.897959184
174	0	0.895147221	0.163265306	11.66204737	-8.550534084	2	9	14	2	4.897959184
175	0	0.387944191	0.163265306	10.4833255	-11.48402871	2	9	15	3	4.897959184
176	13	0.794285445	0.163265306	9.98707798	-7.247934947	2	9	16	5	4.897959184
177	3	0.34939676	0.163265306	11.15002367	-10.96499615	2	9	17	2	4.897959184
178	0	0.138744307	0.163265306	10.46296836	-6.92299955	2	9	18	2	4.897959184
179	0	0.650508984	0.163265306	12.99050823	-5.90208987	2	9	19	3	4.897959184
180	0	0.544004308	0.163265306	10.51294506	-12.97125429	2	9	20	3	4.897959184
181	0	0.945244047	0.183673469	9.079221853	-17.45585875	2	10	1	5	5.510204082
182	0	0.571745747	0.183673469	9.113770834	-10.19424636	2	10	2	3	5.510204082
183	1	0.953633589	0.183673469	11.39493106	-10.67402607	2	10	3	4	5.510204082
184	2	0.780252999	0.183673469	10.15811966	-8.492042373	2	10	4	4	5.510204082
185	0	0.118284454	0.183673469	9.743212605	-7.456450947	2	10	5	3	5.510204082
186	1	0.837111809	0.183673469	12.13005846	-11.20925873	2	10	6	4	5.510204082
187	0	0.087159318	0.183673469	11.08875029	-9.129939833	2	10	7	3	5.510204082
188	0	0.748599963	0.183673469	12.18112	-7.106806114	2	10	8	1	5.510204082
189	4	0.065181657	0.183673469	11.7280466	-4.236593739	2	10	9	1	5.510204082
190	0	0.077695569	0.183673469	13.67346435	-3.983960037	2	10	10	3	5.510204082
191	5	0.105083768	0.183673469	9.042558531	-7.833144159	2	10	11	1	5.510204082
192	4	0.406686355	0.183673469	9.731065268	-8.987162039	2	10	12	4	5.510204082
193	2	0.974964513	0.183673469	11.84331351	-10.04975949	2	10	13	4	5.510204082
194	0	0.164833496	0.183673469	11.58548986	-11.69344478	2	10	14	2	5.510204082
195	0	0.503050236	0.183673469	10.5910434	-8.868660539	2	10	15	2	5.510204082
196	0	0.201554204	0.183673469	11.44079592	-9.447333891	2	10	16	3	5.510204082
197	1	0.199721848	0.183673469	8.993361926	-9.178552593	2	10	17	2	5.510204082
198	8	0.178135111	0.183673469	10.86605297	-11.60437709	2	10	18	5	5.510204082
199	0	0.273866682	0.183673469	9.335995402	-8.884558238	2	10	19	2	5.510204082
200	1	0.130620241	0.183673469	9.233343442	-8.921348416	2	10	20	2	5.510204082
201	0	0.858691586	0.204081633	8.578867724	-10.01547512	3	11	1	4	6.12244898
202	0	0.645160362	0.204081633	9.957006713	-13.94473789	3	11	2	4	6.12244898
203	1	0.602798666	0.204081633	10.44537327	-10.31262813	3	11	3	5	6.12244898
204	0	0.971980712	0.204081633	10.48910003	-6.613824014	3	11	4	5	6.12244898
205	0	0.376657234	0.204081633	9.326326763	-11.30695682	3	11	5	1	6.12244898
206	0	0.819114487	0.204081633	10.20277412	-13.9735047	3	11	6	5	6.12244898
207	0	0.22673876	0.204081633	9.831407762	-4.233811672	3	11	7	5	6.12244898
208	0	0.206508502	0.204081633	11.66129133	-10.14976715	3	11	8	2	6.12244898
209	0	0.194289194	0.204081633	12.98494311	-9.651873882	3	11	9	3	6.12244898
210	0	0.240568205	0.204081633	10.12367564	-8.76396823	3	11	10	1	6.12244898
211	0	0.979721972	0.204081633	11.94243261	-9.310906285	3	11	11	4	6.12244898
212	0	0.524250151	0.204081633	13.05824934	-6.767544959	3	11	12	4	6.12244898
213	0	0.826370721	0.204081633	10.66397244	-9.728437151	3	11	13	3	6.12244898
214	2	0.670885496	0.204081633	12.20823808	-5.488796999	3	11	14	1	6.12244898
215	0	0.977714837	0.204081633	12.5158265	-7.371947027	3	11	15	5	6.12244898
216	1	0.057648452	0.204081633	12.88467806	-8.913350067	3	11	16	1	6.12244898
217	2	0.336741157	0.204081633	12.41690162	-7.788370692	3	11	17	4	6.12244898
218	0	0.01260701	0.204081633	9.90357152	-13.28152785	3	11	18	5	6.12244898
219	0	0.362856286	0.204081633	9.325752238	-13.58128273	3	11	19	4	6.12244898
220	0	0.2096943	0.204081633	9.58194243	-12.10449437	3	11	20	2	6.12244898
221	2	0.152120636	0.224489796	10.25821417	-6.940937285	3	12	1	4	6.734693878
222	0	0.93581241	0.224489796	12.14531077	-11.71516185	3	12	2	1	6.734693878
223	0	0.401092958	0.224489796	8.810996935	-8.761046821	3	12	3	3	6.734693878
224	0	0.485836446	0.224489796	12.82524473	-9.881582737	3	12	4	3	6.734693878
225	1	0.681486446	0.224489796	11.46194324	-5.777545615	3	12	5	2	6.734693878
226	0	0.854035486	0.224489796	11.64904646	-8.229092886	3	12	6	3	6.734693878
227	0	0.912917172	0.224489796	11.27002781	-7.264333008	3	12	7	4	6.734693878
228	4	0.475857608	0.224489796	12.07890145	-8.526648604	3	12	8	4	6.734693878
229	0	0.7136803	0.224489796	10.69815733	-7.86185608	3	12	9	3	6.734693878
230	0	0.82975348	0.224489796	9.936922425	-8.699459026	3	12	10	2	6.734693878
231	0	0.675797855	0.224489796	9.984851173	-8.95447956	3	12	11	3	6.734693878
232	0	0.339701653	0.224489796	12.1874521	-13.78077325	3	12	12	3	6.734693878
233	0	0.890829902	0.224489796	11.91943759	-9.065186522	3	12	13	2	6.734693878
234	0	0.528829259	0.224489796	8.75123036	-13.97545794	3	12	14	1	6.734693878
235	0	0.874337471	0.224489796	8.287515604	-10.99903967	3	12	15	4	6.734693878
236	13	0.258656928	0.224489796	13.21460099	-6.713247354	3	12	16	5	6.734693878
237	0	0.542446066	0.224489796	9.542078263	-11.54172364	3	12	17	2	6.734693878
238	2	0.216001205	0.224489796	11.535733	-4.547904662	3	12	18	1	6.734693878
239	1	0.21672059	0.224489796	11.49369231	-6.26686158	3	12	19	2	6.734693878
240	1	0.474040792	0.224489796	10.98732089	-13.57830631	3	12	20	5	6.734693878
241	0	0.892734028	0.244897959	9.11010979	-10.866196	3	13	1	1	7.346938776
242	0	0.30171696	0.244897959	11.92599718	-13.18748338	3	13	2	4	7.346938776
243	1	0.55521898	0.244897959	11.85954519	-4.943784448	3	13	3	4	7.346938776
244	1	0.755216217	0.244897959	10.82457472	-6.194795091	3	13	4	5	7.346938776
245	0	0.956425424	0.244897959	10.31010072	-10.95126981	3	13	5	4	7.346938776
246	2	0.954311486	0.244897959	11.87986787	-9.109542197	3	13	6	5	7.346938776
247	0	0.333364723	0.244897959	10.87771103	-15.33468904	3	13	7	4	7.346938776
248	0	0.516684106	0.244897959	9.649299011	-7.546176016	3	13	8	1	7.346938776
249	0	0.148189591	0.244897959	12.9035807	-2.446912409	3	13	9	3	7.346938776
250	0	0.356819599	0.244897959	8.194232727	-15.20033346	3	13	10	3	7.346938776
251	0	0.704566315	0.244897959	11.01398756	-11.480063	3	13	11	5	7.346938776
252	0	0.080405641	0.244897959	12.81599823	-10.36283685	3	13	12	1	7.346938776
253	0	0.251560876	0.244897959	9.342838283	-14.84623742	3	13	13	5	7.346938776
254	0	0.051435322	0.244897959	9.069067569	-5.457783279	3	13	14	2	7.346938776
255	0	0.738525303	0.244897959	7.95943084	-10.43598999	3	13	15	2	7.346938776
256	1	0.013758507	0.244897959	12.4306757	-9.559463939	3	13	16	4	7.346938776
257	0	0.042354837	0.244897959	12.81267564	-12.31951717	3	13	17	5	7.346938776
258	1	0.281820129	0.244897959	11.74636922	-10.3471221	3	13	18	1	7.346938776
259	0	0.04071661	0.244897959	8.8535778	-9.68467084	3	13	19	5	7.346938776
260	0	0.632280522	0.244897959	12.31540159	-10.90763078	3	13	20	4	7.346938776
261	1	0.754841333	0.265306122	9.750484822	-8.759560847	3	14	1	5	7.959183673
262	4	0.050946507	0.265306122	12.98511566	-4.289130038	3	14	2	5	7.959183673
263	0	0.629663854	0.265306122	11.69012453	-9.868738811	3	14	3	4	7.959183673
264	0	0.357108946	0.265306122	8.419581001	-5.563005458	3	14	4	1	7.959183673
265	0	0.808141407	0.265306122	8.398215886	-8.879760199	3	14	5	1	7.959183673
266	0	0.671664241	0.265306122	12.70768863	-11.49032508	3	14	6	2	7.959183673
267	0	0.021887152	0.265306122	12.87928554	-4.863313685	3	14	7	2	7.959183673
268	0	0.689538967	0.265306122	7.831448272	-11.32934189	3	14	8	3	7.959183673
269	0	0.887354609	0.265306122	10.44534029	-10.1944041	3	14	9	3	7.959183673
270	0	0.537209265	0.265306122	12.08172556	-6.16185934	3	14	10	1	7.959183673
271	0	0.885026359	0.265306122	8.719889563	-12.14184292	3	14	11	3	7.959183673
272	0	0.914174511	0.265306122	8.76709614	-10.83258991	3	14	12	4	7.959183673
273	2	0.848979947	0.265306122	12.46136217	-7.652060195	3	14	13	5	7.959183673
274	0	0.293509236	0.265306122	10.85500192	-10.01573018	3	14	14	2	7.959183673
275	0	0.784186412	0.265306122	8.662793497	-5.495992016	3	14	15	4	7.959183673
276	0	0.493701991	0.265306122	11.64626895	-6.333238366	3	14	16	1	7.959183673
277	0	0.982573993	0.265306122	9.872843385	-9.520646506	3	14	17	1	7.959183673
278	0	0.243201081	0.265306122	9.474283346	-8.651160237	3	14	18	4	7.959183673
279	0	0.07299952	0.265306122	12.35958076	-6.195091617	3	14	19	2	7.959183673
280	0	0.231656597	0.265306122	11.59662939	-8.99854538	3	14	20	1	7.959183673
281	1	0.279911692	0.285714286	9.615588174	-8.166743987	3	15	1	4	8.571428571
282	0	0.970960319	0.285714286	7.753910446	-11.91291051	3	15	2	5	8.571428571
283	0	0.658995782	0.285714286	7.751152976	-5.016872254	3	15	3	1	8.571428571
284	0	0.670112134	0.285714286	7.980711573	-13.8671432	3	15	4	2	8.571428571
285	0	0.209838527	0.285714286	8.397788478	-8.978002224	3	15	5	2	8.571428571
286	1	0.990622452	0.285714286	8.075859953	-10.32201096	3	15	6	5	8.571428571
287	0	0.534088101	0.285714286	8.725574272	-14.43121246	3	15	7	1	8.571428571
288	0	0.574372728	0.285714286	10.37895905	-11.24136639	3	15	8	1	8.571428571
289	0	0.772239737	0.285714286	9.087872518	-13.23390694	3	15	9	2	8.571428571
290	3	0.357089431	0.285714286	9.825383548	-8.184891042	3	15	10	4	8.571428571
291	1	0.256661232	0.285714286	11.92980599	-6.500674028	3	15	11	2	8.571428571
292	0	0.316445876	0.285714286	11.37115024	0.707936252	3	15	12	2	8.571428571
293	0	0.744443613	0.285714286	8.127146309	-6.161955693	3	15	13	3	8.571428571
294	0	0.499665976	0.285714286	11.96566195	-7.622122123	3	15	14	1	8.571428571
295	0	0.708809185	0.285714286	10.80240347	-11.86172173	3	15	15	2	8.571428571
296	0	0.414896452	0.285714286	12.50302728	-10.46663968	3	15	16	3	8.571428571
297	0	0.209911216	0.285714286	8.93870061	-5.403670047	3	15	17	2	8.571428571
298	0	0.080862649	0.285714286	10.82129137	-12.72260988	3	15	18	1	8.571428571
299	1	0.159290118	0.285714286	9.489137948	-11.60741807	3	15	19	4	8.571428571
300	1	0.504089608	0.285714286	11.9554356	-8.937701543	3	15	20	4	8.571428571
301	1	0.835440672	0.306122449	11.85548289	-12.95152397	4	16	1	5	9.183673469
302	0	0.487449983	0.306122449	8.292300423	-10.41640687	4	16	2	1	9.183673469
303	26	0.432731892	0.306122449	12.52367137	-4.489100149	4	16	3	1	9.183673469
304	1	0.880691585	0.306122449	9.633067691	-9.816172775	4	16	4	1	9.183673469
305	0	0.764911714	0.306122449	10.72752237	-13.45748181	4	16	5	2	9.183673469
306	256	0.054860987	0.306122449	12.79428939	-3.498209959	4	16	6	4	9.183673469
307	0	0.199217761	0.306122449	8.699681762	-14.00668555	4	16	7	1	9.183673469
308	8	0.686824689	0.306122449	8.641608181	-12.50779224	4	16	8	5	9.183673469
309	42	0.899250715	0.306122449	11.930167	-4.602129782	4	16	9	4	9.183673469
310	74	0.04573869	0.306122449	12.95087958	-5.449999421	4	16	10	1	9.183673469
311	77	0.089618092	0.306122449	10.8195189	-12.70700701	4	16	11	5	9.183673469
312	34	0.440876809	0.306122449	8.913496366	-6.524935317	4	16	12	4	9.183673469
313	0	0.777965648	0.306122449	9.182209704	-12.39273643	4	16	13	1	9.183673469
314	4	0.140085094	0.306122449	11.48070795	-10.31352882	4	16	14	2	9.183673469
315	0	0.678748693	0.306122449	8.159985948	-11.42433178	4	16	15	1	9.183673469
316	587	0.04759801	0.306122449	12.64194901	-6.363419485	4	16	16	5	9.183673469
317	4	0.605647756	0.306122449	8.251301546	-13.12686595	4	16	17	4	9.183673469
318	4	0.450144442	0.306122449	9.482552625	-5.974572559	4	16	18	2	9.183673469
319	2	0.747780841	0.306122449	8.232836766	-9.722970252	4	16	19	1	9.183673469
320	0	0.177149523	0.306122449	9.283672035	-12.52585351	4	16	20	3	9.183673469
321	0	0.654857116	0.326530612	8.326201569	-11.46220619	4	17	1	4	9.795918367
322	28	0.16410845	0.326530612	11.90068173	-6.219415525	4	17	2	1	9.795918367
323	155	0.261713722	0.326530612	12.65758136	-5.487010912	4	17	3	4	9.795918367
324	0	0.095037385	0.326530612	10.21678807	-8.09748441	4	17	4	3	9.795918367
325	27	0.394460163	0.326530612	12.43356983	-6.518312031	4	17	5	4	9.795918367
326	19	0.213218232	0.326530612	11.33560219	-6.6105957	4	17	6	2	9.795918367
327	0	0.6405314	0.326530612	8.24180755	-12.33132123	4	17	7	4	9.795918367
328	185	0.257619656	0.326530612	10.31832272	-7.739730029	4	17	8	5	9.795918367
329	51	0.094614043	0.326530612	12.32806102	-10.94002609	4	17	9	4	9.795918367
330	0	0.070398341	0.326530612	8.418657164	-12.93934769	4	17	10	3	9.795918367
331	5	0.188356303	0.326530612	9.232988916	-8.664175316	4	17	11	2	9.795918367
332	3	0.873138487	0.326530612	12.13577024	-7.665647475	4	17	12	2	9.795918367
333	25	0.981103594	0.326530612	10.81171266	-5.712725768	4	17	13	4	9.795918367
334	0	0.390919701	0.326530612	8.911099391	-11.04813532	4	17	14	3	9.795918367
335	1	0.017898511	0.326530612	9.389530061	-13.58405974	4	17	15	1	9.795918367
336	10	0.044544604	0.326530612	10.12028726	-7.411455661	4	17	16	2	9.795918367
337	0	0.107764253	0.326530612	8.172359447	-16.366892	4	17	17	2	9.795918367
338	23	0.57030095	0.326530612	10.39559554	-9.325470109	4	17	18	4	9.795918367
339	0	0.839018759	0.326530612	11.67325792	-7.999798073	4	17	19	3	9.795918367
340	0	0.815029826	0.326530612	8.169113729	-15.55956726	4	17	20	5	9.795918367
341	1	0.861848484	0.346938776	7.370857075	-11.7309924	4	18	1	5	10.40816327
342	0	0.853166819	0.346938776	7.104550674	-12.61592902	4	18	2	2	10.40816327
343	0	0.799504385	0.346938776	10.31536631	-14.76685185	4	18	3	4	10.40816327
344	0	0.019731823	0.346938776	10.569379	-10.52571264	4	18	4	3	10.40816327
345	0	0.522671096	0.346938776	8.670792132	-7.712750984	4	18	5	2	10.40816327
346	0	0.363511835	0.346938776	10.68094769	-11.0024088	4	18	6	3	10.40816327
347	0	0.626984817	0.346938776	12.23967151	-8.812879995	4	18	7	2	10.40816327
348	0	0.915917906	0.346938776	10.15405005	-15.78546123	4	18	8	5	10.40816327
349	101	0.18282047	0.346938776	10.20568692	-5.713608024	4	18	9	4	10.40816327
350	1	0.448590318	0.346938776	8.472819181	-13.31953359	4	18	10	3	10.40816327
351	0	0.257141286	0.346938776	8.757347802	-11.76337483	4	18	11	3	10.40816327
352	1	0.594118564	0.346938776	7.762067466	-13.51490509	4	18	12	4	10.40816327
353	2	0.396485477	0.346938776	8.703526453	-1.800031975	4	18	13	2	10.40816327
354	0	0.873604408	0.346938776	8.03282158	-17.69334232	4	18	14	5	10.40816327
355	23	0.17498104	0.346938776	10.42012977	-8.464517483	4	18	15	4	10.40816327
356	4	0.809510399	0.346938776	9.292076906	-12.04044921	4	18	16	4	10.40816327
357	0	0.794222777	0.346938776	8.719016971	-18.9035916	4	18	17	1	10.40816327
358	1	0.604884261	0.346938776	7.516708925	-16.42851227	4	18	18	5	10.40816327
359	0	0.052160252	0.346938776	8.075142108	-12.58009367	4	18	19	3	10.40816327
360	2	0.691322282	0.346938776	7.565217552	-12.08179977	4	18	20	5	10.40816327
361	0	0.151410281	0.367346939	7.91236483	-15.70318288	4	19	1	4	11.02040816
362	0	0.200573988	0.367346939	8.519557054	-10.5260254	4	19	2	2	11.02040816
363	64	0.103487115	0.367346939	10.66870504	-5.359763052	4	19	3	1	11.02040816
364	0	0.012661858	0.367346939	9.99663915	-9.26548678	4	19	4	3	11.02040816
365	1	0.652539103	0.367346939	9.947886214	-10.11322234	4	19	5	5	11.02040816
366	0	0.24203975	0.367346939	7.697128318	-20.41386893	4	19	6	2	11.02040816
367	9	0.128935337	0.367346939	9.049637597	-12.31167255	4	19	7	5	11.02040816
368	11	0.058322973	0.367346939	11.97124742	-9.611521233	4	19	8	2	11.02040816
369	0	0.706828979	0.367346939	8.469662577	-11.09517188	4	19	9	3	11.02040816
370	1	0.030552387	0.367346939	8.45069015	-10.08930639	4	19	10	2	11.02040816
371	14	0.880324191	0.367346939	10.22499857	-11.08566927	4	19	11	4	11.02040816
372	1	0.016311123	0.367346939	8.567213219	-3.865430902	4	19	12	3	11.02040816
373	8	0.510063671	0.367346939	8.87904939	-12.45266075	4	19	13	5	11.02040816
374	0	0.644336044	0.367346939	7.915621715	-11.09787305	4	19	14	1	11.02040816
375	0	0.696770018	0.367346939	9.02498683	-13.14221077	4	19	15	4	11.02040816
376	0	0.657933222	0.367346939	10.08472361	-11.87573358	4	19	16	2	11.02040816
377	8	0.256520541	0.367346939	9.242787675	-8.475147809	4	19	17	2	11.02040816
378	7	0.997772415	0.367346939	9.090216963	-10.20214896	4	19	18	4	11.02040816
379	17	0.692743511	0.367346939	9.120728677	-10.58466589	4	19	19	4	11.02040816
380	1	0.050650334	0.367346939	8.594821264	-12.84114243	4	19	20	2	11.02040816
381	17	0.101665383	0.387755102	10.35970563	-5.789667544	4	20	1	2	11.63265306
382	0	0.48016619	0.387755102	7.485441373	-15.43370859	4	20	2	3	11.63265306
383	0	0.469402799	0.387755102	8.212086709	-12.74209445	4	20	3	1	11.63265306
384	0	0.266195904	0.387755102	11.50935928	-14.50081846	4	20	4	4	11.63265306
385	0	0.08926106	0.387755102	11.7804892	-11.94492327	4	20	5	2	11.63265306
386	2	0.611460735	0.387755102	11.87026447	-13.84375685	4	20	6	1	11.63265306
387	0	0.394997323	0.387755102	8.907311068	-15.16879183	4	20	7	2	11.63265306
388	47	0.539619093	0.387755102	10.10000898	-10.05131868	4	20	8	4	11.63265306
389	57	0.861605958	0.387755102	9.59774327	-8.920703192	4	20	9	5	11.63265306
390	7	0.752407587	0.387755102	11.87164713	-7.094014866	4	20	10	2	11.63265306
391	0	0.758213604	0.387755102	9.507108807	-12.94897023	4	20	11	3	11.63265306
392	3	0.923896053	0.387755102	9.044593177	-8.603388053	4	20	12	1	11.63265306
393	60	0.328969847	0.387755102	8.460239338	-9.213042922	4	20	13	5	11.63265306
394	75	0.156375913	0.387755102	7.897199765	-7.77881796	4	20	14	5	11.63265306
395	9	0.215196318	0.387755102	9.110577147	-10.911191	4	20	15	5	11.63265306
396	366	0.11282353	0.387755102	12.1772614	-4.446438794	4	20	16	4	11.63265306
397	70	0.195784425	0.387755102	11.3219361	-5.908459491	4	20	17	1	11.63265306
398	16	0.857661028	0.387755102	7.317567671	-8.656829425	4	20	18	5	11.63265306
399	21	0.227707163	0.387755102	11.13026116	-7.373504214	4	20	19	2	11.63265306
400	0	0.767020935	0.387755102	6.94351309	-16.34690487	4	20	20	5	11.63265306
401	0	0.617142163	0.408163265	11.39527777	-5.159407453	5	21	1	2	12.24489796
402	0	0.569064128	0.408163265	7.495835125	-6.562961226	5	21	2	3	12.24489796
403	0	0.153970449	0.408163265	10.35550339	-10.27518786	5	21	3	3	12.24489796
404	0	0.034833215	0.408163265	9.222972021	-14.12221251	5	21	4	2	12.24489796
405	0	0.997953457	0.408163265	8.436038142	-10.57222449	5	21	5	3	12.24489796
406	0	0.835573683	0.408163265	11.1666021	-13.268249	5	21	6	3	12.24489796
407	0	0.586562027	0.408163265	11.63023045	-2.77071485	5	21	7	2	12.24489796
408	0	0.339116676	0.408163265	9.272273882	-14.51226018	5	21	8	5	12.24489796
409	0	0.166883438	0.408163265	10.02280589	-10.40933263	5	21	9	1	12.24489796
410	0	0.807410151	0.408163265	7.174241988	-13.02086058	5	21	10	2	12.24489796
411	0	0.649450802	0.408163265	11.44608758	-9.017849613	5	21	11	3	12.24489796
412	0	0.705612241	0.408163265	10.72449895	-6.095679659	5	21	12	2	12.24489796
413	0	0.451490669	0.408163265	9.961033895	-11.84312506	5	21	13	3	12.24489796
414	3	0.072217413	0.408163265	11.92199343	-6.084123158	5	21	14	5	12.24489796
415	0	0.362963896	0.408163265	9.496706474	-10.50835827	5	21	15	5	12.24489796
416	0	0.647042569	0.408163265	9.116802357	-9.750824576	5	21	16	1	12.24489796
417	0	0.725568118	0.408163265	7.813025129	-12.82557188	5	21	17	5	12.24489796
418	0	0.422466694	0.408163265	9.013421573	-2.897060938	5	21	18	2	12.24489796
419	0	0.591449058	0.408163265	9.990655351	-7.423565392	5	21	19	3	12.24489796
420	0	0.797899557	0.408163265	9.473252558	-3.320779011	5	21	20	2	12.24489796
421	0	0.847612232	0.428571429	6.640667804	-18.33419783	5	22	1	4	12.85714286
422	1	0.000663221	0.428571429	12.40099065	-6.279205736	5	22	2	4	12.85714286
423	1	0.299983195	0.428571429	11.53241405	-10.70088228	5	22	3	4	12.85714286
424	0	0.693886893	0.428571429	10.47715355	-9.555987538	5	22	4	3	12.85714286
425	0	0.963769145	0.428571429	10.54728085	-11.38363847	5	22	5	3	12.85714286
426	0	0.129764633	0.428571429	11.21890821	-6.71597909	5	22	6	1	12.85714286
427	0	0.075758109	0.428571429	11.02571398	-10.30335319	5	22	7	4	12.85714286
428	0	0.56754618	0.428571429	9.010472952	-9.2643358	5	22	8	2	12.85714286
429	0	0.555150931	0.428571429	9.868790463	-10.57695837	5	22	9	4	12.85714286
430	0	0.06160754	0.428571429	7.545551647	-14.86068983	5	22	10	4	12.85714286
431	0	0.674172312	0.428571429	10.30313949	-9.593284587	5	22	11	2	12.85714286
432	0	0.914017389	0.428571429	8.429207121	-11.57375431	5	22	12	4	12.85714286
433	0	0.887773872	0.428571429	10.68647469	-6.62720534	5	22	13	1	12.85714286
434	0	0.324803045	0.428571429	10.19134117	-10.11718369	5	22	14	4	12.85714286
435	0	0.092671654	0.428571429	8.523216955	-7.756867572	5	22	15	5	12.85714286
436	0	0.831115624	0.428571429	7.719750143	-14.70012114	5	22	16	2	12.85714286
437	0	0.127220701	0.428571429	12.15502518	-9.13958244	5	22	17	2	12.85714286
438	0	0.868694555	0.428571429	7.646539173	-15.23983601	5	22	18	2	12.85714286
439	0	0.953096477	0.428571429	11.06817452	-4.378487762	5	22	19	2	12.85714286
440	0	0.499143054	0.428571429	8.465081738	-10.79781042	5	22	20	4	12.85714286
441	0	0.654738797	0.448979592	9.377079715	-8.621946797	5	23	1	5	13.46938776
442	0	0.193792767	0.448979592	8.904309538	-10.12851036	5	23	2	3	13.46938776
443	0	0.762855836	0.448979592	9.774059594	-10.48284241	5	23	3	2	13.46938776
444	0	0.54741655	0.448979592	11.26977482	-12.3712797	5	23	4	2	13.46938776
445	0	0.213832067	0.448979592	11.73465132	-9.744265335	5	23	5	4	13.46938776
446	0	0.691766937	0.448979592	10.63840177	-6.528466839	5	23	6	3	13.46938776
447	0	0.97281341	0.448979592	6.8686855	-12.27676895	5	23	7	4	13.46938776
448	0	0.556145091	0.448979592	9.537123683	-11.71291335	5	23	8	4	13.46938776
449	0	0.52807827	0.448979592	7.983720123	-10.93401696	5	23	9	3	13.46938776
450	1	0.216594007	0.448979592	11.50459193	-8.43593401	5	23	10	5	13.46938776
451	0	0.680565257	0.448979592	10.66107658	-8.559299765	5	23	11	4	13.46938776
452	0	0.746016833	0.448979592	9.498616315	-10.1374537	5	23	12	2	13.46938776
453	0	0.464202378	0.448979592	9.15611282	-7.806380142	5	23	13	1	13.46938776
454	0	0.137418062	0.448979592	11.4054006	-9.708875849	5	23	14	3	13.46938776
455	0	0.814379612	0.448979592	10.97561082	-7.745927499	5	23	15	3	13.46938776
456	0	0.832161259	0.448979592	7.120379419	-15.38977718	5	23	16	2	13.46938776
457	0	0.354310081	0.448979592	6.969877267	-11.73814576	5	23	17	4	13.46938776
458	0	0.978732837	0.448979592	6.970768556	-13.63368937	5	23	18	2	13.46938776
459	0	0.988035022	0.448979592	7.230767841	-16.03669709	5	23	19	2	13.46938776
460	0	0.634659001	0.448979592	11.59341268	-8.806572412	5	23	20	1	13.46938776
461	0	0.942152378	0.469387755	10.04607664	-12.54812423	5	24	1	5	14.08163265
462	0	0.014007462	0.469387755	11.50795684	-4.368602169	5	24	2	2	14.08163265
463	0	0.02533159	0.469387755	12.06787017	-9.303435051	5	24	3	3	14.08163265
464	0	0.486318653	0.469387755	6.802152988	-13.66873467	5	24	4	3	14.08163265
465	0	0.267851981	0.469387755	11.26465228	-9.251071659	5	24	5	2	14.08163265
466	0	0.764079057	0.469387755	8.66699549	-13.6461467	5	24	6	2	14.08163265
467	0	0.488054366	0.469387755	9.930608018	-8.894198567	5	24	7	1	14.08163265
468	0	0.746897346	0.469387755	9.883134009	-9.996262802	5	24	8	5	14.08163265
469	0	0.042565705	0.469387755	11.47274507	-8.008045908	5	24	9	3	14.08163265
470	0	0.440642828	0.469387755	8.794548754	-10.1674641	5	24	10	3	14.08163265
471	1	0.146065844	0.469387755	10.73031013	-9.386430366	5	24	11	4	14.08163265
472	0	0.441943295	0.469387755	10.11358021	-13.67536734	5	24	12	1	14.08163265
473	0	0.284114231	0.469387755	8.698855954	-11.42462198	5	24	13	3	14.08163265
474	0	0.073624243	0.469387755	8.336369529	-13.91240318	5	24	14	2	14.08163265
475	0	0.685350724	0.469387755	6.70664382	-15.69229797	5	24	15	5	14.08163265
476	0	0.794818459	0.469387755	10.90716388	-1.743170256	5	24	16	1	14.08163265
477	0	0.538209495	0.469387755	11.49897132	-10.84198604	5	24	17	1	14.08163265
478	1	0.024587827	0.469387755	10.23498326	-7.45055932	5	24	18	4	14.08163265
479	0	0.278319913	0.469387755	8.755786367	-14.50105339	5	24	19	5	14.08163265
480	0	0.840946584	0.469387755	9.43042942	-10.89328771	5	24	20	4	14.08163265
481	0	0.467410814	0.489795918	9.507192215	-14.63620871	5	25	1	1	14.69387755
482	0	0.76021141	0.489795918	6.599667151	-11.70880494	5	25	2	1	14.69387755
483	0	0.998064076	0.489795918	10.8560789	-9.055121807	5	25	3	3	14.69387755
484	0	0.77783075	0.489795918	9.866649774	-8.686532052	5	25	4	3	14.69387755
485	0	0.879567079	0.489795918	10.36106642	-8.474525857	5	25	5	1	14.69387755
486	0	0.493525714	0.489795918	8.660749253	-11.87917459	5	25	6	1	14.69387755
487	0	0.708717945	0.489795918	9.914076253	-7.265355587	5	25	7	1	14.69387755
488	0	0.487571595	0.489795918	8.20972675	-9.673564558	5	25	8	3	14.69387755
489	0	0.782040916	0.489795918	8.069207352	-15.47779713	5	25	9	4	14.69387755
490	0	0.911811375	0.489795918	7.110030076	-12.83066679	5	25	10	3	14.69387755
491	0	0.285992244	0.489795918	8.418005498	-8.062833211	5	25	11	3	14.69387755
492	0	0.608371139	0.489795918	7.912110028	-11.24594799	5	25	12	4	14.69387755
493	0	0.541000366	0.489795918	8.267604533	-9.00775407	5	25	13	5	14.69387755
494	0	0.996450112	0.489795918	8.501329171	-10.99487	5	25	14	3	14.69387755
495	0	0.610844784	0.489795918	11.28299417	-8.147176023	5	25	15	3	14.69387755
496	0	0.210391759	0.489795918	9.469755641	-13.50781568	5	25	16	2	14.69387755
497	0	0.31759623	0.489795918	10.74879351	-8.744554392	5	25	17	1	14.69387755
498	0	0.905860385	0.489795918	9.059673425	-14.16621591	5	25	18	4	14.69387755
499	1	0.323474708	0.489795918	9.885339888	-5.973708881	5	25	19	1	14.69387755
500	1	0.560906112	0.489795918	10.72046164	-8.213638244	5	25	20	5	14.69387755
501	0	0.692005547	0.510204082	9.563630376	-12.97810232	6	26	1	5	15.30612245
502	0	0.559956918	0.510204082	8.978260381	-10.81045179	6	26	2	1	15.30612245
503	0	0.342691207	0.510204082	8.254889607	-7.00152567	6	26	3	4	15.30612245
504	0	0.2344975	0.510204082	9.785863724	-10.15234232	6	26	4	3	15.30612245
505	0	0.429602757	0.510204082	9.416429117	-10.95368243	6	26	5	4	15.30612245
506	0	0.736700661	0.510204082	9.178543076	-14.59359362	6	26	6	4	15.30612245
507	0	0.374656802	0.510204082	6.855981919	-6.034297843	6	26	7	3	15.30612245
508	0	0.488679166	0.510204082	10.1521957	-8.41934146	6	26	8	4	15.30612245
509	0	0.800511701	0.510204082	8.60272149	-11.74468125	6	26	9	1	15.30612245
510	0	0.683042957	0.510204082	11.24753377	-7.651841917	6	26	10	4	15.30612245
511	0	0.68568522	0.510204082	8.959269642	-13.00004037	6	26	11	1	15.30612245
512	0	0.094648112	0.510204082	7.0482294	-16.78109866	6	26	12	4	15.30612245
513	0	0.380689601	0.510204082	7.567686875	-13.69995576	6	26	13	3	15.30612245
514	0	0.406972599	0.510204082	8.334621602	-8.76522857	6	26	14	3	15.30612245
515	0	0.387785258	0.510204082	7.131606543	-12.72518929	6	26	15	1	15.30612245
516	0	0.591927003	0.510204082	9.138475084	-12.69133283	6	26	16	1	15.30612245
517	0	0.836564694	0.510204082	7.277651078	-15.22152148	6	26	17	2	15.30612245
518	0	0.520514444	0.510204082	7.981861829	-14.91672849	6	26	18	3	15.30612245
519	0	0.431986286	0.510204082	9.012799713	-9.358342218	6	26	19	3	15.30612245
520	0	0.88472942	0.510204082	7.923841502	-11.76917332	6	26	20	1	15.30612245
521	0	0.910366142	0.530612245	7.739229564	-11.76173253	6	27	1	5	15.91836735
522	0	0.05354008	0.530612245	6.773132092	-9.006667643	6	27	2	3	15.91836735
523	1	0.460823838	0.530612245	9.524609935	-11.88482308	6	27	3	5	15.91836735
524	0	0.717328022	0.530612245	8.153498821	-13.37430598	6	27	4	2	15.91836735
525	0	0.373728065	0.530612245	8.215042026	-7.373638185	6	27	5	5	15.91836735
526	4	0.029908932	0.530612245	9.840173753	-7.020456963	6	27	6	4	15.91836735
527	0	0.027763181	0.530612245	9.257307138	-12.22007945	6	27	7	2	15.91836735
528	0	0.698954389	0.530612245	9.678114386	-11.87008217	6	27	8	3	15.91836735
529	7	0.258802577	0.530612245	11.53450489	-6.591578125	6	27	9	5	15.91836735
530	0	0.890680889	0.530612245	8.408079291	-10.9510713	6	27	10	4	15.91836735
531	7	0.080841007	0.530612245	10.48209139	-7.50866631	6	27	11	5	15.91836735
532	0	0.955638574	0.530612245	10.06726026	-8.276472343	6	27	12	1	15.91836735
533	0	0.973269251	0.530612245	8.620516566	-10.02133779	6	27	13	2	15.91836735
534	0	0.140157618	0.530612245	9.638955725	-13.03723402	6	27	14	5	15.91836735
535	0	0.677805962	0.530612245	6.902599323	-8.809545782	6	27	15	3	15.91836735
536	0	0.791197353	0.530612245	6.117107918	-11.32167039	6	27	16	4	15.91836735
537	0	0.701055532	0.530612245	8.049331199	-9.725076297	6	27	17	4	15.91836735
538	0	0.271951852	0.530612245	10.74643882	-8.73907723	6	27	18	3	15.91836735
539	0	0.485365581	0.530612245	7.318279777	-11.41474117	6	27	19	5	15.91836735
540	0	0.877135239	0.530612245	9.533767761	-14.25116275	6	27	20	5	15.91836735
541	0	0.003262435	0.551020408	11.0492967	-12.91396215	6	28	1	4	16.53061224
542	0	0.958122232	0.551020408	6.852378257	-12.05194374	6	28	2	2	16.53061224
543	0	0.481206595	0.551020408	8.244591413	-11.99807466	6	28	3	2	16.53061224
544	0	0.960152581	0.551020408	7.423723568	-13.12615784	6	28	4	3	16.53061224
545	0	0.501889574	0.551020408	7.600842435	-15.50053366	6	28	5	4	16.53061224
546	0	0.0223518	0.551020408	11.63411503	-6.210917672	6	28	6	3	16.53061224
547	0	0.110230401	0.551020408	9.803688592	-18.66439278	6	28	7	5	16.53061224
548	0	0.747566106	0.551020408	6.089981081	-17.66524023	6	28	8	4	16.53061224
549	0	0.599064032	0.551020408	7.515173851	-8.932055302	6	28	9	1	16.53061224
550	0	0.780429684	0.551020408	9.985539278	-3.248852696	6	28	10	3	16.53061224
551	0	0.945775092	0.551020408	9.14102236	-13.65031608	6	28	11	1	16.53061224
552	0	0.357896259	0.551020408	7.263834406	-17.81031527	6	28	12	2	16.53061224
553	0	0.485832601	0.551020408	6.353283154	-16.89164668	6	28	13	4	16.53061224
554	0	0.526430611	0.551020408	10.44674605	-6.450767937	6	28	14	3	16.53061224
555	0	0.848358376	0.551020408	8.74918108	-13.40130138	6	28	15	5	16.53061224
556	0	0.501161252	0.551020408	7.170022418	-12.53456304	6	28	16	5	16.53061224
557	0	0.344562452	0.551020408	8.687965142	-10.28142522	6	28	17	3	16.53061224
558	0	0.582899136	0.551020408	7.900299229	-7.773348376	6	28	18	1	16.53061224
559	0	0.526805959	0.551020408	6.494890958	-13.21971585	6	28	19	3	16.53061224
560	0	0.906998993	0.551020408	10.45002523	-8.88240095	6	28	20	2	16.53061224
561	0	0.979115175	0.571428571	8.069363873	-13.43054528	6	29	1	2	17.14285714
562	0	0.014669588	0.571428571	7.62594816	-10.60956493	6	29	2	5	17.14285714
563	0	0.741998453	0.571428571	6.45519266	-11.80116182	6	29	3	4	17.14285714
564	0	0.477458581	0.571428571	9.780822802	-8.331147826	6	29	4	1	17.14285714
565	0	0.899613356	0.571428571	8.403474767	-9.161668344	6	29	5	1	17.14285714
566	0	0.312122782	0.571428571	8.657266816	-6.951902978	6	29	6	1	17.14285714
567	0	0.264936682	0.571428571	9.485584996	-16.51614397	6	29	7	2	17.14285714
568	0	0.551879527	0.571428571	7.370062788	-8.795236553	6	29	8	2	17.14285714
569	0	0.911545254	0.571428571	9.198821117	-12.90229988	6	29	9	1	17.14285714
570	0	0.107425665	0.571428571	9.17591881	-14.44344813	6	29	10	2	17.14285714
571	0	0.952795977	0.571428571	7.12964408	-12.79654913	6	29	11	5	17.14285714
572	0	0.58089246	0.571428571	7.697479099	-9.725720748	6	29	12	3	17.14285714
573	1	0.87954786	0.571428571	10.20370137	-14.57317462	6	29	13	5	17.14285714
574	0	0.806797544	0.571428571	10.09847283	-12.40280227	6	29	14	2	17.14285714
575	0	0.502465021	0.571428571	10.21767782	-10.62623976	6	29	15	5	17.14285714
576	0	0.836025523	0.571428571	8.771700858	-11.59684541	6	29	16	2	17.14285714
577	0	0.904140759	0.571428571	7.974708757	-14.0083332	6	29	17	5	17.14285714
578	4	0.002512299	0.571428571	9.339473299	-4.996917287	6	29	18	4	17.14285714
579	0	0.46295701	0.571428571	9.374791422	-11.56624097	6	29	19	4	17.14285714
580	1	0.193829249	0.571428571	10.6994774	-5.871930272	6	29	20	3	17.14285714
581	0	0.129501696	0.591836735	11.00888569	-10.8912558	6	30	1	2	17.75510204
582	0	0.132621802	0.591836735	6.349661873	-14.12652671	6	30	2	2	17.75510204
583	0	0.72151445	0.591836735	8.947858096	-8.266284873	6	30	3	5	17.75510204
584	0	0.588409969	0.591836735	7.795722225	-10.93132652	6	30	4	2	17.75510204
585	0	0.535524162	0.591836735	6.562155074	-10.11173006	6	30	5	5	17.75510204
586	0	0.757040205	0.591836735	8.925303251	-15.08939049	6	30	6	2	17.75510204
587	0	0.40789452	0.591836735	8.15231169	-13.79016602	6	30	7	5	17.75510204
588	0	0.087248306	0.591836735	7.102309156	-12.00997082	6	30	8	5	17.75510204
589	0	0.931594996	0.591836735	7.49596871	-12.74351411	6	30	9	1	17.75510204
590	0	0.723182079	0.591836735	7.052999937	-12.79594073	6	30	10	4	17.75510204
591	1	0.361634498	0.591836735	7.828464903	-11.78432878	6	30	11	5	17.75510204
592	1	0.438785784	0.591836735	9.481814085	-11.18253633	6	30	12	4	17.75510204
593	0	0.662263454	0.591836735	8.321450743	-15.5814531	6	30	13	4	17.75510204
594	0	0.032029366	0.591836735	6.85336805	-15.73252298	6	30	14	5	17.75510204
595	0	0.017977514	0.591836735	8.358264994	-16.71473984	6	30	15	5	17.75510204
596	0	0.739119583	0.591836735	10.63752469	-8.264809105	6	30	16	3	17.75510204
597	1	0.085268527	0.591836735	10.75447436	-5.353476384	6	30	17	3	17.75510204
598	0	0.23013455	0.591836735	9.333814291	-12.6233326	6	30	18	1	17.75510204
599	0	0.246841471	0.591836735	11.16460738	-8.338343765	6	30	19	1	17.75510204
600	8	0.026979923	0.591836735	10.73978055	-8.87623011	6	30	20	5	17.75510204
601	0	0.375197019	0.612244898	7.274633998	-11.70913651	7	31	1	1	18.36734694
602	0	0.088595505	0.612244898	7.845739991	-12.95500977	7	31	2	1	18.36734694
603	0	0.376194724	0.612244898	6.007699097	-13.54789544	7	31	3	1	18.36734694
604	1	0.224808315	0.612244898	10.87986976	-5.350356081	7	31	4	2	18.36734694
605	0	0.811738879	0.612244898	8.670610486	-13.26823547	7	31	5	5	18.36734694
606	0	0.141560264	0.612244898	10.92866095	-8.529921784	7	31	6	2	18.36734694
607	6	0.029686491	0.612244898	8.373820012	-10.93050128	7	31	7	5	18.36734694
608	0	0.224829157	0.612244898	9.10312131	-13.02683751	7	31	8	3	18.36734694
609	4	0.76797044	0.612244898	7.995652637	-8.30920883	7	31	9	5	18.36734694
610	1	0.637724031	0.612244898	6.378844107	-12.31501975	7	31	10	4	18.36734694
611	0	0.785395128	0.612244898	6.757076759	-18.88410764	7	31	11	2	18.36734694
612	3	0.333611427	0.612244898	6.698794756	-10.05046305	7	31	12	5	18.36734694
613	5	0.57724605	0.612244898	9.9171992	-11.58001876	7	31	13	5	18.36734694
614	0	0.254659956	0.612244898	6.098223293	-8.349506143	7	31	14	2	18.36734694
615	0	0.82152125	0.612244898	10.46361104	-4.574530393	7	31	15	1	18.36734694
616	0	0.269646017	0.612244898	6.275001238	-16.89785365	7	31	16	5	18.36734694
617	0	0.892781365	0.612244898	10.08397051	-9.981493338	7	31	17	2	18.36734694
618	3	0.665116117	0.612244898	10.57703773	-7.374191585	7	31	18	1	18.36734694
619	0	0.24788171	0.612244898	7.679560279	-15.71732126	7	31	19	4	18.36734694
620	0	0.983544796	0.612244898	5.619689924	-13.42259802	7	31	20	1	18.36734694
621	0	0.696838941	0.632653061	6.896149094	-20.28316825	7	32	1	2	18.97959184
622	0	0.666931572	0.632653061	6.849377217	-12.58466087	7	32	2	4	18.97959184
623	0	0.31981682	0.632653061	6.692731724	-11.30625722	7	32	3	5	18.97959184
624	0	0.344378424	0.632653061	9.021323343	-12.58073324	7	32	4	4	18.97959184
625	0	0.307813603	0.632653061	8.715458065	-18.00553305	7	32	5	3	18.97959184
626	0	0.024744286	0.632653061	8.193424111	-12.46847653	7	32	6	1	18.97959184
627	0	0.024191334	0.632653061	6.404784589	-13.66254424	7	32	7	5	18.97959184
628	0	0.810476661	0.632653061	9.266862419	-15.360392	7	32	8	5	18.97959184
629	0	0.284526792	0.632653061	8.112901932	-13.9394845	7	32	9	2	18.97959184
630	0	0.225965541	0.632653061	5.981925868	-11.95152529	7	32	10	1	18.97959184
631	0	0.682724308	0.632653061	6.952827348	-10.50136424	7	32	11	4	18.97959184
632	0	0.37999027	0.632653061	7.365083985	-15.25738869	7	32	12	1	18.97959184
633	0	0.888239299	0.632653061	5.46391979	-15.75107739	7	32	13	4	18.97959184
634	0	0.646937342	0.632653061	7.384486587	-10.40782266	7	32	14	5	18.97959184
635	0	0.546843179	0.632653061	7.469639434	-13.05355707	7	32	15	4	18.97959184
636	0	0.665139395	0.632653061	9.128111871	-10.20463224	7	32	16	3	18.97959184
637	0	0.535207396	0.632653061	8.766528317	-9.97508603	7	32	17	1	18.97959184
638	4	0.174810403	0.632653061	10.20126841	-9.926538689	7	32	18	4	18.97959184
639	0	0.420498998	0.632653061	6.249591063	-7.343396429	7	32	19	3	18.97959184
640	3	0.491999028	0.632653061	8.130719273	-8.276347865	7	32	20	4	18.97959184
641	0	0.30903639	0.653061224	6.135226853	-12.67691927	7	33	1	4	19.59183673
642	0	0.909706953	0.653061224	9.384727924	-10.19128974	7	33	2	1	19.59183673
643	1	0.862070194	0.653061224	9.591622262	-8.333650048	7	33	3	2	19.59183673
644	0	0.277391119	0.653061224	8.459224379	-13.01290007	7	33	4	2	19.59183673
645	0	0.8216394	0.653061224	9.696724274	-11.3799858	7	33	5	1	19.59183673
646	0	0.619392372	0.653061224	6.468897154	-14.21375557	7	33	6	5	19.59183673
647	0	0.642277655	0.653061224	8.254370972	-14.04570753	7	33	7	5	19.59183673
648	0	0.748260286	0.653061224	7.796024128	-12.20904862	7	33	8	1	19.59183673
649	0	0.616059649	0.653061224	5.660568005	-19.69953537	7	33	9	1	19.59183673
650	1	0.189887636	0.653061224	9.522986729	-14.23150056	7	33	10	4	19.59183673
651	1	0.701926153	0.653061224	8.39288409	-8.236728572	7	33	11	4	19.59183673
652	1	0.42516667	0.653061224	8.507797066	-10.77861497	7	33	12	1	19.59183673
653	0	0.833674965	0.653061224	8.069847072	-11.25112884	7	33	13	3	19.59183673
654	0	0.322581548	0.653061224	9.006057215	-8.76386223	7	33	14	2	19.59183673
655	0	0.971843514	0.653061224	5.432028275	-14.00837127	7	33	15	4	19.59183673
656	1	0.465890656	0.653061224	7.735645944	-8.087093512	7	33	16	1	19.59183673
657	0	0.933553839	0.653061224	7.276407797	-13.06742059	7	33	17	4	19.59183673
658	0	0.632008895	0.653061224	9.031804775	-8.905528843	7	33	18	3	19.59183673
659	21	0.377585645	0.653061224	10.63151897	-8.472515975	7	33	19	5	19.59183673
660	0	0.124003907	0.653061224	9.481435401	-13.68772739	7	33	20	1	19.59183673
661	0	0.82844003	0.673469388	8.302451517	-13.28840337	7	34	1	3	20.20408163
662	0	0.512191445	0.673469388	7.71456318	-10.34756423	7	34	2	2	20.20408163
663	15	0.465068383	0.673469388	10.36123499	-6.504571213	7	34	3	4	20.20408163
664	0	0.923601067	0.673469388	5.722337902	-19.23660145	7	34	4	4	20.20408163
665	0	0.423195095	0.673469388	6.973254056	-8.830939077	7	34	5	4	20.20408163
666	0	0.02272607	0.673469388	8.822019203	-13.64102217	7	34	6	4	20.20408163
667	3	0.76707279	0.673469388	8.683769777	-7.055946235	7	34	7	4	20.20408163
668	0	0.02990938	0.673469388	6.687884185	-17.62191815	7	34	8	3	20.20408163
669	1	0.848120292	0.673469388	9.294493434	-9.026290736	7	34	9	1	20.20408163
670	0	0.099904973	0.673469388	7.810981607	-14.88594869	7	34	10	3	20.20408163
671	0	0.379349249	0.673469388	7.322169063	-8.621792443	7	34	11	2	20.20408163
672	0	0.399011774	0.673469388	5.570617649	-9.315088235	7	34	12	1	20.20408163
673	0	0.778084964	0.673469388	9.551878534	-11.24931417	7	34	13	3	20.20408163
674	0	0.026045385	0.673469388	7.145363311	-19.12672051	7	34	14	3	20.20408163
675	0	0.49144305	0.673469388	6.506437876	-14.31542476	7	34	15	4	20.20408163
676	2	0.844304072	0.673469388	6.373592886	-7.730905776	7	34	16	5	20.20408163
677	0	0.932219589	0.673469388	8.338429168	-13.44506751	7	34	17	5	20.20408163
678	0	0.865003325	0.673469388	9.583144641	-11.86601557	7	34	18	2	20.20408163
679	0	0.672807228	0.673469388	8.632702481	-9.607822203	7	34	19	1	20.20408163
680	2	0.19931824	0.673469388	7.329063855	-7.34230571	7	34	20	4	20.20408163
681	0	0.569451083	0.693877551	10.15058295	-12.0439468	7	35	1	3	20.81632653
682	0	0.166142715	0.693877551	9.823516751	-15.93085548	7	35	2	2	20.81632653
683	1	0.650711183	0.693877551	9.37253011	-10.677114	7	35	3	1	20.81632653
684	0	0.342537104	0.693877551	10.46715385	-8.622531291	7	35	4	1	20.81632653
685	0	0.098717392	0.693877551	9.957201868	-7.633419591	7	35	5	1	20.81632653
686	0	0.212342707	0.693877551	9.359397902	-11.11411995	7	35	6	3	20.81632653
687	0	0.59153946	0.693877551	5.378163045	-14.6417951	7	35	7	1	20.81632653
688	0	0.517416086	0.693877551	5.551052692	-20.35913722	7	35	8	3	20.81632653
689	1	0.764282708	0.693877551	8.508470254	-10.57115095	7	35	9	1	20.81632653
690	0	0.670558298	0.693877551	6.467609476	-12.51739103	7	35	10	5	20.81632653
691	0	0.400740101	0.693877551	7.045286946	-11.78538802	7	35	11	1	20.81632653
692	0	0.063415106	0.693877551	6.74749046	-15.25916562	7	35	12	5	20.81632653
693	0	0.374864817	0.693877551	7.641565163	-13.25350542	7	35	13	3	20.81632653
694	0	0.061204811	0.693877551	10.5579462	-8.567598001	7	35	14	3	20.81632653
695	0	0.837305381	0.693877551	7.528222069	-8.546840515	7	35	15	4	20.81632653
696	0	0.2863774	0.693877551	7.892064495	-12.02831678	7	35	16	4	20.81632653
697	0	0.796232969	0.693877551	5.089540344	-14.40732709	7	35	17	4	20.81632653
698	0	0.622207806	0.693877551	5.965277998	-14.19322762	7	35	18	5	20.81632653
699	0	0.649063696	0.693877551	7.058009264	-10.79125122	7	35	19	2	20.81632653
700	1	0.523993709	0.693877551	8.525488327	-12.54361959	7	35	20	5	20.81632653
701	0	0.927256647	0.714285714	5.438922093	-10.8817393	8	36	1	3	21.42857143
702	10	0.899210886	0.714285714	9.621345317	-9.437834019	8	36	2	4	21.42857143
703	2	0.7474416	0.714285714	6.980477817	-10.70870022	8	36	3	1	21.42857143
704	115	0.555146004	0.714285714	10.00632295	-8.959790414	8	36	4	5	21.42857143
705	122	0.355688545	0.714285714	9.302690631	-7.692443711	8	36	5	5	21.42857143
706	0	0.055085858	0.714285714	6.205253068	-16.39206226	8	36	6	4	21.42857143
707	0	0.939219089	0.714285714	5.929138889	-15.22558767	8	36	7	1	21.42857143
708	10	0.412877157	0.714285714	10.01104095	-13.54300565	8	36	8	1	21.42857143
709	1	0.990077461	0.714285714	8.346950287	-5.441874525	8	36	9	2	21.42857143
710	9	0.007302943	0.714285714	8.762797884	-12.16239546	8	36	10	2	21.42857143
711	36	0.919157153	0.714285714	6.486324805	-8.74145059	8	36	11	5	21.42857143
712	0	0.159392424	0.714285714	7.572846376	-16.14800372	8	36	12	4	21.42857143
713	38	0.173289451	0.714285714	10.46222002	-13.71753896	8	36	13	4	21.42857143
714	2	0.298337347	0.714285714	10.37450172	-13.07824848	8	36	14	2	21.42857143
715	0	0.797662466	0.714285714	6.524237655	-14.14753426	8	36	15	5	21.42857143
716	0	0.210490902	0.714285714	8.737905111	-14.99903656	8	36	16	2	21.42857143
717	0	0.768795717	0.714285714	5.386138792	-17.76576944	8	36	17	1	21.42857143
718	64	0.535576818	0.714285714	9.858538214	-8.359785703	8	36	18	1	21.42857143
719	4	0.549032831	0.714285714	8.942815872	-16.43568343	8	36	19	4	21.42857143
720	0	0.270124864	0.714285714	6.355168451	-10.22877837	8	36	20	3	21.42857143
721	0	0.940070242	0.734693878	8.70952368	-10.74599077	8	37	1	2	22.04081633
722	0	0.889075144	0.734693878	5.445200503	-14.86026901	8	37	2	3	22.04081633
723	13	0.922669326	0.734693878	6.407602178	-11.11692299	8	37	3	5	22.04081633
724	0	0.301886679	0.734693878	5.679871243	-15.66548812	8	37	4	2	22.04081633
725	1	0.359888377	0.734693878	9.246276496	-10.13686411	8	37	5	1	22.04081633
726	0	0.785737383	0.734693878	6.166428007	-13.67952346	8	37	6	3	22.04081633
727	663	0.309332512	0.734693878	9.958949826	-5.123858702	8	37	7	4	22.04081633
728	11	0.999269944	0.734693878	9.13209592	-7.04859142	8	37	8	2	22.04081633
729	0	0.029715729	0.734693878	6.390645486	-11.36981215	8	37	9	3	22.04081633
730	518	0.305425928	0.734693878	9.498880857	-10.66704316	8	37	10	5	22.04081633
731	1149	0.127221016	0.734693878	10.20438157	-6.357312427	8	37	11	4	22.04081633
732	0	0.604662598	0.734693878	6.310388275	-16.97470606	8	37	12	4	22.04081633
733	0	0.32393291	0.734693878	6.850360952	-13.18841996	8	37	13	2	22.04081633
734	0	0.942004262	0.734693878	7.227018934	-11.24095983	8	37	14	2	22.04081633
735	0	0.879668972	0.734693878	5.393981996	-24.03097005	8	37	15	3	22.04081633
736	3	0.314584013	0.734693878	10.18368808	-17.26647988	8	37	16	1	22.04081633
737	1	0.374413172	0.734693878	7.712640466	-16.00735099	8	37	17	4	22.04081633
738	120	0.504722232	0.734693878	9.261286406	-10.58275998	8	37	18	4	22.04081633
739	0	0.516620414	0.734693878	5.383503124	-13.21186605	8	37	19	3	22.04081633
740	0	0.200127773	0.734693878	5.669474995	-13.15148046	8	37	20	2	22.04081633
741	0	0.4297608	0.755102041	6.211724271	-15.42419074	8	38	1	3	22.65306122
742	1	0.389215221	0.755102041	8.021699637	-11.66339107	8	38	2	2	22.65306122
743	0	0.98883589	0.755102041	8.644554562	-16.46591496	8	38	3	2	22.65306122
744	0	0.687542459	0.755102041	6.463991191	-10.90649349	8	38	4	1	22.65306122
745	0	0.210810984	0.755102041	7.587033786	-15.07064738	8	38	5	5	22.65306122
746	3	0.448436968	0.755102041	6.749732655	-12.89758536	8	38	6	5	22.65306122
747	0	0.890770091	0.755102041	7.852052312	-15.26561637	8	38	7	1	22.65306122
748	0	0.626281235	0.755102041	4.881759934	-19.04449673	8	38	8	4	22.65306122
749	10	0.486261322	0.755102041	6.64935294	-12.02942965	8	38	9	5	22.65306122
750	1	0.290113632	0.755102041	7.806459614	-17.02887898	8	38	10	4	22.65306122
751	5	0.253844362	0.755102041	7.656369938	-14.76484457	8	38	11	4	22.65306122
752	0	0.391201279	0.755102041	6.135552041	-20.94023699	8	38	12	1	22.65306122
753	1	0.401448278	0.755102041	8.266838078	-16.19958271	8	38	13	5	22.65306122
754	1	0.975414888	0.755102041	9.403507137	-8.477880959	8	38	14	2	22.65306122
755	0	0.994347296	0.755102041	6.250023486	-18.43631169	8	38	15	3	22.65306122
756	4	0.409707879	0.755102041	8.000846334	-13.91037516	8	38	16	5	22.65306122
757	1	0.562818605	0.755102041	6.098751466	-13.75816642	8	38	17	4	22.65306122
758	24	0.031141368	0.755102041	7.626474054	-8.273045146	8	38	18	1	22.65306122
759	2	0.773986249	0.755102041	8.236785411	-11.97860655	8	38	19	1	22.65306122
760	0	0.984901932	0.755102041	6.256335932	-8.905024986	8	38	20	1	22.65306122
761	25	0.334426034	0.775510204	8.641136931	-7.841115265	8	39	1	1	23.26530612
762	0	0.458970659	0.775510204	6.296672765	-11.79784286	8	39	2	5	23.26530612
763	2	0.230029918	0.775510204	9.891987875	-11.11293257	8	39	3	3	23.26530612
764	1	0.92104013	0.775510204	6.909174404	-12.9211517	8	39	4	5	23.26530612
765	0	0.557110526	0.775510204	8.687781607	-8.956325838	8	39	5	3	23.26530612
766	0	0.612837828	0.775510204	8.390014716	-12.9135402	8	39	6	3	23.26530612
767	2	0.237297765	0.775510204	7.742353359	-12.49432598	8	39	7	2	23.26530612
768	86	0.468157253	0.775510204	7.066210782	-8.020168211	8	39	8	5	23.26530612
769	0	0.905994454	0.775510204	4.847281279	-19.42829428	8	39	9	5	23.26530612
770	2	0.584235761	0.775510204	7.213755864	-14.95324597	8	39	10	4	23.26530612
771	75	0.057712832	0.775510204	8.800339657	-3.435617262	8	39	11	1	23.26530612
772	0	0.183249598	0.775510204	6.927704894	-11.91481262	8	39	12	2	23.26530612
773	0	0.518409069	0.775510204	6.101320699	-14.11967899	8	39	13	2	23.26530612
774	0	0.394426855	0.775510204	8.135978586	-11.9913355	8	39	14	1	23.26530612
775	5	0.488614213	0.775510204	8.461415328	-10.2600723	8	39	15	1	23.26530612
776	0	0.151466177	0.775510204	6.784909183	-20.00243914	8	39	16	4	23.26530612
777	100	0.921191067	0.775510204	9.336128132	-7.661243583	8	39	17	4	23.26530612
778	0	0.716570193	0.775510204	6.718112715	-13.0930905	8	39	18	1	23.26530612
779	3	0.796502403	0.775510204	5.488896019	-9.919305659	8	39	19	4	23.26530612
780	11	0.369317847	0.775510204	8.156412516	-13.90320366	8	39	20	4	23.26530612
781	0	0.572739112	0.795918367	7.137330382	-10.79053454	8	40	1	4	23.87755102
782	0	0.389223977	0.795918367	5.902362667	-15.5070578	8	40	2	3	23.87755102
783	0	0.909805296	0.795918367	7.012128045	-15.47790547	8	40	3	1	23.87755102
784	0	0.642744485	0.795918367	7.20772292	-13.35966623	8	40	4	2	23.87755102
785	0	0.885381985	0.795918367	5.049051908	-17.90184685	8	40	5	5	23.87755102
786	0	0.069054515	0.795918367	8.524645648	-16.81195316	8	40	6	2	23.87755102
787	0	0.808350956	0.795918367	5.52508514	-18.07803456	8	40	7	1	23.87755102
788	3	0.067482322	0.795918367	8.842881084	-13.00797721	8	40	8	1	23.87755102
789	2	0.453657136	0.795918367	8.032613988	-13.11040882	8	40	9	4	23.87755102
790	1	0.18010592	0.795918367	6.155283061	-14.90180842	8	40	10	5	23.87755102
791	1	0.634136245	0.795918367	6.138398819	-6.921424548	8	40	11	2	23.87755102
792	0	0.763237524	0.795918367	7.299061695	-14.88847442	8	40	12	5	23.87755102
793	0	0.162196303	0.795918367	8.208720374	-17.05131015	8	40	13	2	23.87755102
794	0	0.156560158	0.795918367	6.744575051	-14.51416981	8	40	14	1	23.87755102
795	1	0.870279109	0.795918367	8.319445952	-10.08550335	8	40	15	4	23.87755102
796	2	0.218717789	0.795918367	6.932221547	-13.46056613	8	40	16	4	23.87755102
797	3	0.590888003	0.795918367	7.728021917	-15.65208111	8	40	17	4	23.87755102
798	0	0.700839765	0.795918367	5.306142763	-17.11167092	8	40	18	5	23.87755102
799	0	0.820839882	0.795918367	6.602366579	-9.951466636	8	40	19	1	23.87755102
800	0	0.717312008	0.795918367	8.24491356	-12.74460327	8	40	20	2	23.87755102
801	0	0.415244055	0.816326531	7.641048679	-6.175787901	9	41	1	1	24.48979592
802	0	0.531438758	0.816326531	5.163884658	-16.44041014	9	41	2	5	24.48979592
803	0	0.003246214	0.816326531	9.412237707	-7.889097628	9	41	3	4	24.48979592
804	0	0.252099723	0.816326531	5.428872394	-9.756223658	9	41	4	5	24.48979592
805	0	0.15522892	0.816326531	7.45255737	-17.97946613	9	41	5	5	24.48979592
806	0	0.878839791	0.816326531	4.519623582	-21.00879958	9	41	6	5	24.48979592
807	0	0.203511163	0.816326531	7.13485862	-7.634793071	9	41	7	2	24.48979592
808	0	0.583528404	0.816326531	5.467276432	-12.89308557	9	41	8	1	24.48979592
809	0	0.804473386	0.816326531	6.66224805	-16.45123713	9	41	9	1	24.48979592
810	0	0.264716582	0.816326531	6.972735275	-8.527916274	9	41	10	1	24.48979592
811	0	0.405742728	0.816326531	7.797066699	-13.22250929	9	41	11	3	24.48979592
812	0	0.380358449	0.816326531	7.400786048	-11.65262073	9	41	12	2	24.48979592
813	0	0.240951271	0.816326531	8.515021935	-0.865335469	9	41	13	1	24.48979592
814	0	0.842069704	0.816326531	4.864206023	-14.02546953	9	41	14	4	24.48979592
815	0	0.007099355	0.816326531	7.697038972	-7.299297186	9	41	15	5	24.48979592
816	0	0.476415365	0.816326531	8.107521768	-15.95825906	9	41	16	3	24.48979592
817	0	0.874515716	0.816326531	5.089035315	-10.90888831	9	41	17	4	24.48979592
818	0	0.566878652	0.816326531	7.221191233	-13.63964113	9	41	18	3	24.48979592
819	0	0.500824617	0.816326531	6.017332337	-15.84864475	9	41	19	4	24.48979592
820	0	0.87452115	0.816326531	5.791340523	-15.00072367	9	41	20	5	24.48979592
821	0	0.524293957	0.836734694	9.381193745	-11.67055201	9	42	1	5	25.10204082
822	0	0.092551102	0.836734694	7.639373857	-11.58951164	9	42	2	3	25.10204082
823	0	0.134571504	0.836734694	7.745352279	-10.46473347	9	42	3	3	25.10204082
824	0	0.043020925	0.836734694	9.488067956	-10.64951532	9	42	4	4	25.10204082
825	0	0.579527264	0.836734694	8.876811695	-10.47381627	9	42	5	5	25.10204082
826	1	0.074919065	0.836734694	8.296840232	-10.28312359	9	42	6	5	25.10204082
827	0	0.109240429	0.836734694	9.154382459	-9.389625396	9	42	7	4	25.10204082
828	0	0.026980501	0.836734694	8.957867727	-8.346183503	9	42	8	1	25.10204082
829	0	0.449657224	0.836734694	8.774355298	-11.00829248	9	42	9	4	25.10204082
830	0	0.802779154	0.836734694	4.998079562	-14.85227413	9	42	10	3	25.10204082
831	2	0.094620777	0.836734694	9.878414389	-9.491370086	9	42	11	5	25.10204082
832	0	0.021726641	0.836734694	7.194012543	-12.04986596	9	42	12	2	25.10204082
833	0	0.865996729	0.836734694	6.082901122	-13.5643619	9	42	13	4	25.10204082
834	0	0.582203941	0.836734694	5.226548106	-16.28384499	9	42	14	5	25.10204082
835	0	0.156790239	0.836734694	9.079153578	-9.172642677	9	42	15	3	25.10204082
836	0	0.514403509	0.836734694	8.709572215	-13.69263865	9	42	16	3	25.10204082
837	0	0.942464029	0.836734694	7.648996985	-17.06920781	9	42	17	1	25.10204082
838	0	0.859073283	0.836734694	8.364451856	-13.4510295	9	42	18	2	25.10204082
839	0	0.61447167	0.836734694	5.548231932	-20.10151991	9	42	19	5	25.10204082
840	0	0.621229486	0.836734694	5.947793685	-13.20336878	9	42	20	3	25.10204082
841	0	0.770207359	0.857142857	7.789742583	-7.721363271	9	43	1	3	25.71428571
842	0	0.559223464	0.857142857	4.475805336	-17.11214393	9	43	2	1	25.71428571
843	0	0.104635148	0.857142857	8.936477098	-8.903521272	9	43	3	3	25.71428571
844	0	0.16072837	0.857142857	6.941319665	-16.31176112	9	43	4	5	25.71428571
845	0	0.92101782	0.857142857	6.554276717	-13.21302545	9	43	5	5	25.71428571
846	0	0.858829385	0.857142857	6.763236384	-10.80994125	9	43	6	5	25.71428571
847	0	0.768369294	0.857142857	6.624091369	-11.68670988	9	43	7	2	25.71428571
848	1	0.021593226	0.857142857	9.762956694	-6.951518115	9	43	8	1	25.71428571
849	0	0.900029809	0.857142857	7.168775127	-9.819078817	9	43	9	1	25.71428571
850	0	0.422055597	0.857142857	9.143448354	-9.841307126	9	43	10	3	25.71428571
851	0	0.815620528	0.857142857	4.683172073	-17.9038441	9	43	11	5	25.71428571
852	1	0.165990424	0.857142857	8.799451356	-10.16692603	9	43	12	4	25.71428571
853	0	0.702329544	0.857142857	6.361208283	-14.91615325	9	43	13	2	25.71428571
854	0	0.14658381	0.857142857	6.879198157	-8.942371963	9	43	14	2	25.71428571
855	0	0.783650884	0.857142857	7.089851822	-10.01758475	9	43	15	3	25.71428571
856	0	0.222305322	0.857142857	8.463960278	-9.81473977	9	43	16	3	25.71428571
857	1	0.117966503	0.857142857	6.883916356	-9.977198007	9	43	17	4	25.71428571
858	0	0.95062603	0.857142857	7.535836614	-8.365148226	9	43	18	1	25.71428571
859	0	0.635327412	0.857142857	7.813508262	-13.20837629	9	43	19	4	25.71428571
860	0	0.470433705	0.857142857	4.48303312	-8.611443411	9	43	20	4	25.71428571
861	0	0.120422722	0.87755102	6.275806847	-13.62203123	9	44	1	5	26.32653061
862	0	0.480194858	0.87755102	5.117594126	-9.649423305	9	44	2	5	26.32653061
863	0	0.368039822	0.87755102	5.123508171	-14.90018235	9	44	3	5	26.32653061
864	0	0.909002645	0.87755102	5.37206725	-11.97781998	9	44	4	5	26.32653061
865	0	0.152872634	0.87755102	7.561665397	-11.87038067	9	44	5	5	26.32653061
866	0	0.855542484	0.87755102	8.093239214	-7.595481814	9	44	6	3	26.32653061
867	0	0.907381367	0.87755102	5.427988168	-12.86766999	9	44	7	4	26.32653061
868	0	0.89985892	0.87755102	3.983854692	-12.52688606	9	44	8	1	26.32653061
869	0	0.514945505	0.87755102	8.870999728	-14.41660357	9	44	9	2	26.32653061
870	0	0.416780356	0.87755102	6.008542764	-14.14332681	9	44	10	3	26.32653061
871	0	0.469175449	0.87755102	4.286286673	-15.07682912	9	44	11	5	26.32653061
872	0	0.197256424	0.87755102	5.231955434	-14.32442059	9	44	12	1	26.32653061
873	0	0.329779474	0.87755102	8.580772307	-13.88607465	9	44	13	4	26.32653061
874	0	0.955389226	0.87755102	5.867468641	-17.72842683	9	44	14	1	26.32653061
875	0	0.584825026	0.87755102	8.116144753	-7.426265469	9	44	15	2	26.32653061
876	0	0.618567776	0.87755102	8.947291335	-10.71225525	9	44	16	2	26.32653061
877	0	0.495288227	0.87755102	4.31775393	-12.80358851	9	44	17	2	26.32653061
878	0	0.518186262	0.87755102	4.790386913	-13.3938996	9	44	18	1	26.32653061
879	0	0.325241371	0.87755102	7.188622252	-9.887242482	9	44	19	5	26.32653061
880	0	0.552817387	0.87755102	7.653147947	-10.4293632	9	44	20	4	26.32653061
881	0	0.017783107	0.897959184	7.789276178	-12.87718145	9	45	1	5	26.93877551
882	0	0.056972651	0.897959184	9.52294131	-9.549993789	9	45	2	2	26.93877551
883	0	0.388734345	0.897959184	6.814312206	-9.887289857	9	45	3	3	26.93877551
884	0	0.110059215	0.897959184	6.615244521	-10.35812927	9	45	4	4	26.93877551
885	0	0.058094315	0.897959184	7.875903974	-11.98367317	9	45	5	4	26.93877551
886	0	0.192604857	0.897959184	5.030052542	-11.54006242	9	45	6	5	26.93877551
887	0	0.616521885	0.897959184	4.551206316	-9.804637556	9	45	7	3	26.93877551
888	0	0.593625132	0.897959184	6.780442947	-14.49899505	9	45	8	1	26.93877551
889	0	0.597685679	0.897959184	8.403365999	-6.191017868	9	45	9	3	26.93877551
890	0	0.906595766	0.897959184	4.185781731	-17.31501357	9	45	10	1	26.93877551
891	0	0.445523936	0.897959184	6.710473799	-14.2576523	9	45	11	3	26.93877551
892	0	0.721286037	0.897959184	7.687549136	-12.60552967	9	45	12	1	26.93877551
893	0	0.23750825	0.897959184	4.647354072	-18.51975111	9	45	13	2	26.93877551
894	0	0.142295781	0.897959184	8.899639122	-9.122706339	9	45	14	1	26.93877551
895	0	0.856655674	0.897959184	7.1445248	-8.417285248	9	45	15	3	26.93877551
896	0	0.075063187	0.897959184	5.229454107	-20.01010148	9	45	16	3	26.93877551
897	0	0.021675147	0.897959184	7.187208232	-7.546013045	9	45	17	1	26.93877551
898	0	0.122391621	0.897959184	5.985249828	-14.95388157	9	45	18	1	26.93877551
899	0	0.693578774	0.897959184	5.225392676	-12.73137708	9	45	19	2	26.93877551
900	0	0.460468354	0.897959184	7.482333318	-11.47165398	9	45	20	1	26.93877551
901	0	0.270201247	0.918367347	4.866719533	-13.71509649	10	46	1	5	27.55102041
902	8	0.455095182	0.918367347	8.231142593	-10.19391621	10	46	2	5	27.55102041
903	0	0.510476477	0.918367347	5.941280464	-14.35150489	10	46	3	2	27.55102041
904	0	0.219658464	0.918367347	5.107936368	-17.03756609	10	46	4	1	27.55102041
905	0	0.400094258	0.918367347	4.614733936	-19.75945767	10	46	5	5	27.55102041
906	0	0.729184883	0.918367347	4.06441052	-18.39382331	10	46	6	5	27.55102041
907	9	0.163844326	0.918367347	9.095644261	-10.69768427	10	46	7	1	27.55102041
908	0	0.963441944	0.918367347	6.256495181	-18.07673045	10	46	8	1	27.55102041
909	0	0.943138561	0.918367347	6.164896412	-11.97896005	10	46	9	2	27.55102041
910	0	0.358087732	0.918367347	6.452260797	-13.82574196	10	46	10	2	27.55102041
911	21	0.393948743	0.918367347	7.681720397	-13.15588832	10	46	11	5	27.55102041
912	0	0.256241421	0.918367347	7.761104791	-15.15949683	10	46	12	1	27.55102041
913	0	0.306597535	0.918367347	6.412820719	-14.24223616	10	46	13	4	27.55102041
914	0	0.131582423	0.918367347	6.509977608	-14.20313024	10	46	14	4	27.55102041
915	0	0.981111314	0.918367347	7.209097498	-11.69557087	10	46	15	3	27.55102041
916	0	0.598525822	0.918367347	8.345123791	-17.08260675	10	46	16	4	27.55102041
917	0	0.74854738	0.918367347	4.445976688	-15.73425808	10	46	17	1	27.55102041
918	0	0.071943881	0.918367347	7.486573237	-15.64640468	10	46	18	3	27.55102041
919	2	0.580856277	0.918367347	6.258098272	-12.64091929	10	46	19	4	27.55102041
920	0	0.614933087	0.918367347	6.894911847	-12.85645446	10	46	20	3	27.55102041
921	0	0.485181445	0.93877551	5.57309296	-13.81638433	10	47	1	2	28.16326531
922	0	0.783235181	0.93877551	5.374398174	-11.92788277	10	47	2	2	28.16326531
923	0	0.5461765	0.93877551	5.277656598	-16.11436744	10	47	3	4	28.16326531
924	0	0.616609779	0.93877551	5.164521784	-15.37599573	10	47	4	1	28.16326531
925	0	0.398970876	0.93877551	6.988735391	-12.13567745	10	47	5	5	28.16326531
926	60	0.220897038	0.93877551	8.248921628	-10.40563221	10	47	6	4	28.16326531
927	1	0.249966161	0.93877551	5.119368979	-9.482087548	10	47	7	4	28.16326531
928	0	0.248722158	0.93877551	4.901127609	-16.1779319	10	47	8	1	28.16326531
929	0	0.82691061	0.93877551	4.359917779	-12.62563118	10	47	9	5	28.16326531
930	83	0.58855979	0.93877551	8.674307355	-9.788619801	10	47	10	4	28.16326531
931	0	0.689006574	0.93877551	4.677006568	-18.6762386	10	47	11	2	28.16326531
932	0	0.934218391	0.93877551	7.425886444	-16.87754264	10	47	12	5	28.16326531
933	2	0.671412568	0.93877551	6.704971223	-12.80716765	10	47	13	4	28.16326531
934	0	0.840596231	0.93877551	4.376229941	-18.77516496	10	47	14	1	28.16326531
935	0	0.472115369	0.93877551	6.272365209	-15.12002282	10	47	15	3	28.16326531
936	0	0.54633808	0.93877551	5.829062753	-18.850292	10	47	16	3	28.16326531
937	15	0.903527133	0.93877551	8.315508497	-5.458461378	10	47	17	1	28.16326531
938	0	0.969267521	0.93877551	7.321576023	-12.35385737	10	47	18	3	28.16326531
939	1	0.087021542	0.93877551	8.636538475	-16.4227857	10	47	19	1	28.16326531
940	41	0.597765781	0.93877551	7.545380748	-10.41498885	10	47	20	4	28.16326531
941	0	0.939952107	0.959183673	7.991116317	-12.11453286	10	48	1	3	28.7755102
942	0	0.126566372	0.959183673	7.612033952	-16.8266301	10	48	2	1	28.7755102
943	0	0.926261703	0.959183673	6.390285543	-10.30829456	10	48	3	3	28.7755102
944	1	0.024515016	0.959183673	7.620120356	-11.5520854	10	48	4	5	28.7755102
945	0	0.82336652	0.959183673	4.624697654	-14.80580471	10	48	5	5	28.7755102
946	4	0.820631313	0.959183673	7.497006853	-7.289669863	10	48	6	2	28.7755102
947	0	0.095563229	0.959183673	4.748028166	-18.08120228	10	48	7	3	28.7755102
948	2	0.059676188	0.959183673	5.455389486	-12.47702756	10	48	8	5	28.7755102
949	0	0.608956641	0.959183673	4.24985389	-15.61497305	10	48	9	1	28.7755102
950	4	0.358118778	0.959183673	6.502793764	-14.74467462	10	48	10	5	28.7755102
951	0	0.212094454	0.959183673	4.317797143	-12.66157127	10	48	11	3	28.7755102
952	0	0.618435505	0.959183673	3.765065797	-18.97395701	10	48	12	1	28.7755102
953	0	0.353117618	0.959183673	3.994059001	-18.65213421	10	48	13	2	28.7755102
954	0	0.844442342	0.959183673	4.122059859	-20.25138459	10	48	14	1	28.7755102
955	0	0.272385246	0.959183673	6.925811489	-16.09364764	10	48	15	1	28.7755102
956	0	0.962502769	0.959183673	5.128609868	-21.43455876	10	48	16	2	28.7755102
957	2	0.007608552	0.959183673	7.364184123	-15.63698419	10	48	17	5	28.7755102
958	0	0.496044376	0.959183673	5.217759878	-13.45553868	10	48	18	5	28.7755102
959	0	0.303963935	0.959183673	5.958633419	-15.23804426	10	48	19	1	28.7755102
960	0	0.099967755	0.959183673	4.849938612	-15.57038259	10	48	20	3	28.7755102
961	0	0.14188531	0.979591837	8.032668903	-18.67949821	10	49	1	4	29.3877551
962	0	0.903049586	0.979591837	7.732137866	-14.19139705	10	49	2	1	29.3877551
963	0	0.554629281	0.979591837	3.853712921	-14.37087896	10	49	3	2	29.3877551
964	1	0.594052111	0.979591837	5.014038368	-8.939288665	10	49	4	5	29.3877551
965	0	0.185394271	0.979591837	5.380597457	-11.24721869	10	49	5	1	29.3877551
966	0	0.883408362	0.979591837	7.334035442	-17.3869836	10	49	6	4	29.3877551
967	0	0.468688982	0.979591837	5.661403953	-13.87563775	10	49	7	4	29.3877551
968	5	0.959689969	0.979591837	7.463762957	-11.72884007	10	49	8	4	29.3877551
969	0	0.944737323	0.979591837	4.476393981	-16.21657393	10	49	9	4	29.3877551
970	1	0.314743723	0.979591837	5.159412887	-13.19607637	10	49	10	1	29.3877551
971	3	0.114289686	0.979591837	6.617978667	-12.3257139	10	49	11	2	29.3877551
972	3	0.525504658	0.979591837	7.311820426	-12.64989251	10	49	12	1	29.3877551
973	0	0.048229204	0.979591837	4.4628543	-19.34900058	10	49	13	3	29.3877551
974	0	0.772821845	0.979591837	4.483056897	-20.3646601	10	49	14	5	29.3877551
975	0	0.527643352	0.979591837	6.646556276	-12.30603339	10	49	15	1	29.3877551
976	0	0.674511658	0.979591837	4.698513104	-15.80606794	10	49	16	4	29.3877551
977	0	0.171516933	0.979591837	4.823698332	-13.41758606	10	49	17	3	29.3877551
978	0	0.95336147	0.979591837	3.597244041	-15.68489236	10	49	18	3	29.3877551
979	0	0.170753609	0.979591837	5.748366175	-22.15204243	10	49	19	3	29.3877551
980	0	0.659396967	0.979591837	3.930659947	-20.7444006	10	49	20	5	29.3877551
981	1	0.807319219	1	4.853764573	-8.106570747	10	50	1	5	30
982	3	0.163384499	1	7.699603898	-12.18259001	10	50	2	4	30
983	0	0.562986995	1	6.947956658	-17.8255508	10	50	3	4	30
984	0	0.412214461	1	4.812821198	-17.33627859	10	50	4	1	30
985	0	0.902525571	1	6.788749888	-12.04196586	10	50	5	2	30
986	0	0.455087962	1	4.426289348	-16.43582699	10	50	6	2	30
987	5	0.139089936	1	8.849373714	-13.27125794	10	50	7	1	30
988	2	0.798090466	1	6.929383532	-10.90317234	10	50	8	1	30
989	0	0.652757127	1	6.521110173	-18.52083679	10	50	9	1	30
990	250	0.477963302	1	7.847147935	-10.21452345	10	50	10	5	30
991	0	0.48961474	1	7.229756208	-17.56291581	10	50	11	5	30
992	0	0.9184405	1	7.287846324	-13.91807623	10	50	12	2	30
993	0	0.10455053	1	4.127937777	-14.36340943	10	50	13	2	30
994	0	0.391365415	1	5.04309941	-13.0817605	10	50	14	2	30
995	6	0.174717372	1	5.66845734	-11.59450804	10	50	15	5	30
996	75	0.216759764	1	7.867340956	-8.804937378	10	50	16	1	30
997	0	0.422036695	1	5.739213836	-13.81606234	10	50	17	3	30
998	0	0.984907931	1	3.954470759	-12.32389157	10	50	18	5	30
999	0	0.556566108	1	3.773099054	-13.45004763	10	50	19	5	30
1000	168	0.179121346	1	8.152323459	-10.9807459	10	50	20	4	30
